data/bottom_up_emissions/asc/CHMI_RIMM_CZ_NO2_ALL_EPSG28403_2017_MAP-FILE2019-09-16b6fc2e-816.asc
ncols         487
nrows         279
xllcorner     3292639.6108284
yllcorner     5380140.0574971
cellsize      1000
NODATA_value  -9999
[rows 90 to 119 of 279, columns 272 to 339 of 487]
10.7839 10.3836 10.1413 10.1274 9.93733 9.61909 9.53476 9.5297 9.66788 9.77053 9.8621 9.74636 9.38489 9.34569 9.06773 8.66426 8.85617 9.06142 9.22142 9.25577 9.36547 9.55532 9.53486 8.91037 8.52135 8.0914 7.63426 7.39214 7.04323 6.7332 6.34065 6.1057 6.07944 5.67713 5.24324 5.56753 4.70627 4.37534 3.86745 3.82865 4.08564 4.58599 5.23388 5.56176 -9999 -9999 -9999 -9999 -9999 -9999 -9999 -9999 -9999 -9999 -9999 -9999 -9999 -9999 -9999 -9999 -9999 -9999 -9999 -9999 -9999 -9999 -9999 -9999
10.6802 10.3366 10.1554 10.0638 9.97444 9.5539 9.46563 9.38618 9.58781 9.79729 9.89077 9.54347 8.96334 9.02507 9.04127 8.38699 8.58384 8.93124 9.17709 9.26503 9.33959 9.49867 9.85937 9.39681 8.81398 8.41767 7.90002 7.89899 7.30792 6.73221 6.63286 6.40583 6.0992 5.90639 5.4567 5.71705 5.2107 4.66028 4.3617 4.68947 4.38632 4.13149 4.55027 5.21573 5.37468 5.6714 -9999 -9999 -9999 -9999 -9999 -9999 -9999 -9999 -9999 -9999 -9999 -9999 -9999 -9999 -9999 -9999 -9999 -9999 -9999 -9999 -9999 -9999
11.5616 10.6971 10.3481 10.1941 9.97088 9.73121 9.86932 9.57807 9.71069 9.8834 9.79982 9.55837 9.07357 8.86632 8.56275 8.25382 8.42103 8.81396 9.14816 9.23812 9.27669 9.49088 9.9521 9.96397 9.25678 8.77643 8.39533 7.89972 7.45738 7.08006 6.88208 6.46305 6.36236 6.07154 5.79157 5.91137 5.26546 4.92195 5.14723 5.26313 4.79263 4.28441 4.04883 4.29641 5.06076 5.50022 5.69528 -9999 -9999 -9999 -9999 -9999 -9999 -9999 -9999 -9999 -9999 -9999 -9999 -9999 -9999 -9999 -9999 -9999 -9999 -9999 -9999 -9999
12.8497 11.9392 11.4756 10.901 10.3924 10.3106 9.91097 9.73645 9.90485 9.74952 9.59074 9.5559 9.43922 8.88601 8.2616 8.23673 8.358 8.71155 9.06643 9.25562 9.34673 9.41248 9.9518 10.47 11.0904 10.0304 8.85897 8.25378 7.83776 7.38206 6.91742 6.71954 6.18899 6.03399 6.14705 5.8685 5.51395 5.11766 5.33257 5.53998 4.98597 4.69462 4.11402 4.15854 4.779 5.57817 5.8027 -9999 -9999 -9999 -9999 -9999 -9999 -9999 -9999 -9999 -9999 -9999 -9999 -9999 -9999 -9999 -9999 -9999 -9999 -9999 -9999 1.6673
11.5959 11.4037 11.7444 11.9609 11.7302 13.9195 11.5087 10.0959 9.80519 9.50663 9.4606 9.45869 9.38924 8.87465 8.06059 7.97057 8.17055 8.60473 9.04967 9.30196 9.43301 9.43493 10.01 13.428 12.6807 10.7966 9.21937 8.87064 8.26303 7.72584 7.37035 7.10226 6.61327 6.13457 6.15065 6.28924 5.88847 5.51536 5.5313 5.77547 5.33722 4.74664 4.39325 4.52717 4.87503 5.41867 5.80271 -9999 -9999 -9999 -9999 -9999 -9999 -9999 -9999 -9999 -9999 -9999 -9999 -9999 -9999 -9999 -9999 -9999 -9999 -9999 -9999 2.5714
10.8173 10.5675 10.4795 10.6066 11.807 16.4877 15.5 10.6641 9.7335 9.48679 9.37498 9.35379 9.30616 9.04601 8.19291 7.81921 8.07569 8.56284 9.0285 9.39605 9.72159 9.66999 9.84423 11.4274 10.92 10.1882 9.00065 9.05376 8.59186 8.04253 7.67947 7.43566 7.11233 6.58631 6.24425 6.49587 6.2439 5.9762 5.70855 5.96974 5.40287 5.18468 5.00939 4.88663 5.18528 5.45526 5.84486 -9999 -9999 -9999 -9999 -9999 -9999 -9999 -9999 -9999 -9999 -9999 -9999 -9999 -9999 -9999 -9999 -9999 -9999 3.10295 3.86519 3.40325
10.5155 10.2557 10.1466 10.0916 10.348 11.3213 11.5544 11.0798 10.1417 9.67549 9.43502 9.35744 9.30776 9.23392 8.86648 8.05412 8.08643 8.60044 9.16856 9.4572 10.0091 9.92713 9.81739 10.0394 10.7451 10.1625 9.11267 8.98685 8.54654 8.07654 7.93878 7.7191 7.46967 7.01722 6.67973 6.56896 6.59444 6.46335 6.21479 6.00765 5.74393 5.46465 5.32641 5.33301 5.17487 5.61761 5.99444 -9999 -9999 -9999 -9999 -9999 -9999 -9999 -9999 -9999 -9999 -9999 -9999 -9999 -9999 -9999 -9999 -9999 3.06825 4.1504 3.49061 2.79846
10.2912 10.0531 9.92702 9.91087 9.96789 9.85969 10.2973 10.6082 10.7414 10.3086 9.72991 9.46387 9.35514 9.35005 9.97039 8.52355 8.23787 8.70337 9.52193 9.59969 9.7548 9.78827 9.73383 9.82104 11.2507 11.0566 10.4084 10.5715 8.5532 8.26202 8.01915 7.97388 7.67391 7.34706 6.90833 6.99878 6.80892 6.71527 6.31593 6.30622 6.05391 5.80579 5.57506 5.58283 5.62544 5.73514 6.13223 -9999 -9999 -9999 -9999 -9999 -9999 -9999 -9999 -9999 -9999 -9999 -9999 -9999 -9999 -9999 -9999 -9999 3.68721 4.51434 3.19126 1.98967
10.1519 9.91046 9.78262 9.81926 9.79255 9.50335 9.46146 9.70908 10.5087 11.3977 10.5455 9.85828 9.55385 9.4851 9.28505 8.82951 8.41617 8.85572 9.31487 9.46934 9.79663 9.9629 10.0109 9.83107 10.7461 14.2819 14.603 10.6167 8.852 8.32093 8.00905 8.05674 7.96456 7.62955 7.31176 7.19902 6.95203 6.99029 6.88511 7.65635 6.4933 6.05822 5.88839 5.83479 5.7764 6.08306 6.21374 -9999 -9999 -9999 -9999 -9999 -9999 -9999 -9999 -9999 -9999 -9999 -9999 -9999 -9999 -9999 -9999 -9999 4.44676 4.38578 2.9313 2.10133
10.1615 9.9236 9.71874 9.87944 9.65067 9.44069 9.34424 9.33136 9.61446 10.2493 11.727 13.4659 10.8437 9.66533 9.40025 9.20958 8.91255 9.1813 9.38663 9.39609 9.83115 9.81164 9.79707 9.76165 9.77192 11.8033 15.1896 11.6865 8.97763 8.34133 7.97816 7.78775 8.19007 7.91012 7.74599 7.55629 7.36511 7.17212 7.14338 7.31934 6.81483 6.3244 6.18311 6.18857 5.84522 5.89972 5.88614 6.08849 -9999 -9999 -9999 -9999 -9999 -9999 -9999 -9999 -9999 -9999 -9999 -9999 -9999 -9999 -9999 3.91667 4.95786 3.90763 2.67501 2.37586
10.3219 10.0835 9.99744 9.90644 9.54743 9.31142 9.29258 9.25789 9.31235 9.60466 11.695 15.9251 15.0657 10.3684 9.73195 9.51153 9.33743 9.62784 9.55271 9.5892 9.97649 9.98228 9.85741 9.72804 9.76765 10.3971 14.5214 13.7078 9.45569 8.56608 8.03063 7.63317 7.89033 8.06962 7.87991 7.70832 7.33695 7.21959 7.10835 7.17233 7.04409 6.76377 6.53924 6.36159 6.15515 5.99971 6.07008 6.2173 -9999 -9999 -9999 -9999 -9999 -9999 -9999 -9999 -9999 -9999 -9999 -9999 -9999 -9999 -9999 4.67494 5.19808 4.17513 3.39757 3.04046
10.7583 10.3139 9.93403 9.66113 9.44167 9.3321 9.18114 9.17424 9.19516 9.43896 11.7076 13.7323 12.3285 10.9254 10.4648 9.8049 9.44214 10.0134 10.1255 10.5581 10.5412 10.3256 10.1648 9.8633 9.625 9.70906 10.4171 10.3981 10.1032 8.65347 8.13934 7.95291 8.04287 8.19232 8.26707 7.91694 7.58101 7.3279 7.10462 7.25756 7.23007 7.10448 6.98829 6.58829 6.35426 6.39798 6.27797 6.44549 6.20708 6.01617 -9999 -9999 -9999 -9999 -9999 -9999 -9999 -9999 -9999 -9999 -9999 5.2675 4.93932 5.21331 5.27979 4.59191 3.98154 4.13776
12.1385 10.8276 10.0131 9.63515 9.42184 9.31872 9.20662 9.17627 9.11857 9.26963 9.70142 10.1086 10.0184 10.3871 10.8118 10.7915 10.4526 11.1144 11.8191 13.7987 11.6643 11.5257 10.7512 10.1818 9.9676 10.0352 10.4436 10.5704 9.78237 8.97805 8.39852 8.38193 8.1261 8.02095 8.06041 8.10674 7.87141 7.67151 7.31588 7.35256 7.45484 7.37352 7.40045 7.05058 6.64073 6.43925 6.66788 6.20185 5.81924 5.81809 5.75057 -9999 -9999 -9999 -9999 -9999 -9999 -9999 -9999 -9999 5.89681 5.38842 5.51139 5.63224 5.50043 4.88414 4.80065 4.50671
12.7574 11.7585 10.2534 9.67687 9.50741 9.35229 9.31131 9.29926 9.2622 9.25292 9.47572 9.8116 9.67745 9.61879 9.93005 10.4911 11.0493 11.3518 12.9659 11.981 12.8938 15.7304 14.1885 10.8317 10.1249 10.0606 10.9681 14.0215 10.9662 9.14584 8.62388 8.72579 8.45419 8.13087 8.00775 8.10049 7.89934 7.90272 7.85002 7.59127 7.69688 7.62574 7.57021 7.23966 6.93118 6.68327 6.70567 6.2002 5.92655 5.84619 5.64646 5.45474 -9999 -9999 -9999 -9999 -9999 -9999 -9999 6.39648 5.95021 5.90682 6.01376 6.0372 5.82004 5.5561 5.32461 4.51919
11.6857 12.368 11.246 10.2056 9.64415 9.4367 9.30484 9.20817 9.1782 9.26186 9.3618 9.7246 9.79937 9.5864 9.6834 10.0143 10.0436 9.98375 10.2313 10.249 11.6495 12.8077 13.5228 11.3004 10.8876 11.486 12.9294 14.0974 10.8401 8.36512 7.64279 7.90892 8.69677 8.68406 8.54817 8.42982 8.17276 8.02448 8.15139 7.93626 7.88063 7.8522 7.57773 7.18477 7.17764 7.18924 7.00439 6.39886 6.31353 5.63119 5.45968 5.76041 5.78872 -9999 -9999 -9999 -9999 -9999 -9999 6.60881 6.23263 6.23456 6.2893 6.29013 6.2796 5.90453 5.24921 5.41325
10.9961 11.4757 12.0599 11.3351 10.2302 9.71841 9.38605 9.24038 9.18365 9.24087 9.32816 9.73472 10.1438 10.2405 9.9549 9.72011 9.59384 9.53872 9.54518 9.43668 9.51751 9.96524 9.77445 9.66534 10.6206 12.7279 10.64 10.4275 9.72194 8.18847 7.37844 7.11426 8.12859 8.67357 8.62256 8.85902 8.66259 8.33322 8.57044 8.62555 8.32355 8.17748 7.74648 7.61894 7.40186 7.12307 7.11247 6.91962 6.48596 5.99465 6.14817 6.82438 6.90154 6.84516 7.05405 7.30325 -9999 -9999 6.87236 6.64864 6.60964 6.35661 6.19799 6.20518 6.50307 6.27214 5.79747 6.20904
10.8215 10.7522 11.1978 11.8902 11.2289 10.1533 9.51383 9.29734 9.24013 9.18856 9.25476 9.68504 12.0778 13.998 10.1696 9.61523 9.46743 9.35968 9.23492 9.08397 9.1587 9.44422 9.56481 8.79332 8.63235 9.20407 9.31975 9.91766 9.83682 8.5333 7.59615 7.00584 7.27871 8.10727 8.13326 8.57769 9.17771 9.37847 9.73899 11.8691 9.61044 9.05386 8.2653 7.83264 7.65927 7.32394 7.28202 7.10547 6.76042 6.47632 6.53565 6.90696 6.73391 6.49567 6.81379 6.95438 7.05798 7.21144 7.30837 7.15226 7.54921 6.78965 6.17271 5.70481 6.15708 6.50201 6.47984 6.49281
10.7587 10.6192 10.5639 11.3157 12.0331 10.825 9.89091 9.46768 9.33797 9.30305 9.35774 9.58553 10.381 11.1208 9.79736 9.64848 9.54049 9.31466 9.11977 9.04583 9.06682 9.2671 9.58691 8.80453 8.16191 8.09505 8.33801 8.89246 10.054 9.0886 7.96363 7.76425 7.56209 7.70456 7.85634 7.7921 8.51097 9.20776 9.28405 11.8413 11.5179 9.80503 8.81225 8.21937 7.82811 7.3218 7.30916 7.03969 6.79997 6.47196 6.87889 6.87044 6.19521 5.31082 5.70721 6.0044 6.46608 6.81063 7.01468 7.25977 8.65971 8.50699 6.13937 5.43686 5.83055 6.14745 6.2687 6.01795
10.8753 10.7554 10.9182 11.3972 12.3124 12.4957 11.0003 10.2149 9.98712 9.68808 9.59604 9.68084 9.74581 9.66272 9.46956 9.44583 9.7233 9.42329 9.2205 8.94554 8.86753 8.89708 9.14406 8.99498 8.41812 7.94979 7.59666 7.81477 8.56368 9.2272 8.41478 7.87198 7.64971 7.3982 7.49553 7.45703 7.8741 8.53314 10.5294 12.2706 9.87522 8.84774 8.55699 8.41735 7.76813 7.39199 7.29552 6.95499 6.30429 6.32358 6.98451 6.2643 5.7334 5.40671 5.17287 4.97735 5.74784 6.34921 6.56405 6.70825 6.95562 6.5575 5.45167 5.21546 5.32692 5.32278 5.56714 5.31586
10.8698 11.2949 11.4701 11.7452 13.6242 16.7792 15.7419 12.3346 11.9701 9.95874 9.76673 9.69279 9.55321 9.43583 9.29579 9.62379 9.35301 9.35195 9.27761 9.08164 8.85018 8.77357 8.9779 9.00716 8.62857 8.30391 7.85699 7.62521 7.45253 8.59774 9.05471 8.54122 7.78831 7.54856 7.64621 7.74973 7.85138 8.08298 8.69167 9.04264 8.76516 9.42233 8.24871 8.17114 8.01492 7.71133 7.39426 6.91754 6.65377 6.78045 7.11701 6.75332 6.21405 5.46207 4.85131 4.65703 5.21316 5.95389 6.36355 6.5644 6.76237 6.14453 5.62196 5.26417 4.56588 4.11922 4.65473 4.66201
10.8096 10.7268 10.7212 10.7692 11.9193 15.737 13.2339 11.546 10.4377 9.78829 9.55557 9.48057 9.47825 9.39167 9.25028 9.21204 9.22095 9.22907 9.26881 9.20524 8.88983 8.75246 8.87917 9.01834 8.77596 8.58931 8.3059 7.82059 7.41342 7.40127 8.40292 9.20302 8.17624 7.70286 7.55899 7.83224 7.6599 7.75893 7.96123 8.33718 8.74959 9.55288 8.41974 8.13454 7.99913 7.83644 7.49238 7.01856 6.64275 6.82417 7.15298 6.58928 5.8043 5.32096 5.05296 4.37943 4.42549 5.47144 6.2142 6.60515 6.75561 5.99482 5.48923 5.02322 4.33588 4.45612 4.76624 4.52863
10.6032 10.5193 10.5109 10.5582 11.0175 11.7414 11.8899 12.5497 11.608 10.3891 9.55134 9.42193 10.8146 9.57829 9.34075 9.21878 9.18782 9.17638 9.2208 9.28574 9.0439 8.80175 8.88938 8.86899 8.66142 8.41766 8.38019 8.09386 7.70378 7.3988 7.60895 8.73317 8.63212 8.01474 7.9313 7.60201 7.50169 7.8518 8.07832 8.19464 8.46605 9.07335 9.01487 8.45497 8.09078 7.97014 7.88899 7.40045 6.89725 7.09879 7.43826 6.83144 6.22026 5.794 5.28902 4.78884 4.42366 5.36639 6.28698 7.67462 6.82663 5.83508 5.38293 5.10261 5.14056 5.15606 4.95411 4.23737
10.5917 10.5918 10.6881 10.6737 10.6799 10.7521 10.7241 11.4107 12.77 12.0789 10.3364 9.60074 11.3553 9.71751 9.34024 9.2419 9.17108 9.1549 9.41629 9.29735 9.2366 8.9524 9.03657 8.9085 8.66059 8.34747 8.06518 7.9462 7.94138 7.74903 7.61786 8.28032 8.75272 8.50745 8.1358 7.46473 7.47947 7.71766 8.03177 8.17418 8.12477 8.98524 12.9757 11.2641 8.34351 7.74911 7.63062 7.7931 7.88804 8.80147 8.32555 6.96773 6.34198 5.9123 5.62774 5.60076 5.24427 5.25886 6.35764 7.20303 6.68616 5.84456 5.80068 5.66016 5.57953 5.36305 4.74557 4.64133
12.3935 10.9038 10.8246 10.8379 10.9409 10.6433 10.4835 10.5376 11.1894 12.1775 11.4604 10.0614 9.56337 9.4522 9.29944 9.21712 9.1586 9.10535 9.18019 9.25362 9.32637 9.30203 9.2805 8.98124 8.90689 8.55587 8.26019 7.99521 7.82251 7.92056 7.60601 7.89006 8.84698 9.13753 7.86051 7.49367 7.2799 7.79449 7.93395 8.07756 8.10944 8.62487 11.4389 13.4201 10.6613 8.01417 7.72256 7.4837 7.801 11.7771 10.4551 7.33629 6.62054 6.39625 6.25469 6.01703 5.33013 4.9861 5.944 6.72917 7.68006 6.38585 6.07863 5.86429 5.6178 5.08833 4.83857 5.16684
15.5435 11.2474 10.51 10.4479 11.6448 10.9561 10.5229 10.5086 10.5382 10.7899 11.4888 11.1018 9.9334 9.48648 9.29298 9.2174 9.11525 9.01775 8.97155 9.05436 9.30861 9.57526 9.46235 9.06285 8.91584 8.75966 8.4713 8.27319 8.08332 7.88148 7.83614 7.7934 8.76966 9.50243 8.23055 7.47915 7.21754 7.71513 7.92148 8.03487 8.26906 8.48444 8.28144 9.07713 10.5699 8.38323 7.99455 7.97648 7.90982 8.79533 7.87768 7.4407 7.07617 6.38512 5.98028 5.79471 5.07051 4.55025 5.44811 6.67659 7.18631 5.73838 5.57981 5.73017 5.60652 5.05447 5.77867 5.82614
11.1115 10.4716 10.3244 10.2732 10.3068 10.3123 10.6883 10.3574 10.4009 10.3172 10.605 11.4908 11.1768 10.0548 9.61549 9.3356 9.16769 9.02606 8.90839 8.90989 9.19365 9.7017 10.2468 9.17787 9.05908 9.1138 8.91051 8.52954 8.18303 7.79074 7.77242 7.83215 8.11709 8.8957 9.17557 7.96214 7.3866 7.55818 8.02235 8.21239 8.60865 8.3441 8.03229 7.79546 7.77151 8.23488 8.28907 8.12561 7.95045 7.62232 7.36807 7.78905 7.31149 6.60362 6.06199 5.75624 5.23463 4.41 5.33318 6.60102 6.93849 5.82681 5.80299 6.12846 6.0866 5.54033 6.16596 6.2705
10.4688 10.3089 10.3374 10.491 10.1293 10.0566 9.99616 9.97279 9.97093 9.99317 10.0683 10.5873 11.7038 11.6715 10.8157 10.1513 9.71097 9.47593 9.34419 9.0451 9.06301 10.292 14.7192 10.1054 9.26984 9.13015 9.13666 10.3854 8.22388 8.01542 7.79488 7.70941 7.81737 8.45751 9.67831 8.54239 7.81896 7.59182 7.75128 8.47167 8.80132 8.74989 8.42075 8.00487 7.64361 7.72459 8.1656 8.21958 7.69792 7.58815 7.13896 6.99956 6.99607 6.4009 5.71839 5.46453 5.27978 4.78135 5.46654 6.56547 7.12476 6.82664 6.42967 6.68724 6.58479 6.11137 6.68375 6.59477
10.2452 10.156 12.2004 10.9465 10.135 10.0326 9.94355 9.86851 9.84977 9.88222 9.88304 10.0604 10.5624 11.7439 12.1748 10.8338 10.6836 10.2638 10.049 10.0552 9.58247 11.7633 15.4317 12.9193 9.41936 9.04276 8.82616 9.37729 8.43583 8.32032 8.22544 8.09605 8.01752 8.38936 9.2234 9.4629 8.2344 7.812 7.87237 8.18141 7.8324 8.56898 10.1796 8.23665 7.94202 7.67364 7.83333 7.88032 7.46787 7.4463 7.29334 7.00597 6.67345 6.39514 6.30309 5.91891 5.52976 5.32922 5.66276 6.58861 7.05658 7.23617 7.2969 7.30944 7.01297 6.97943 7.14114 6.70413
10.1038 10.0527 10.0586 10.0628 10.1593 9.96031 9.94928 9.93119 9.97188 9.86668 9.85837 9.96733 10.241 10.9021 12.6596 12.173 10.9099 10.4756 10.3045 10.3262 10.4708 11.8448 14.3001 11.3939 9.35192 9.04952 8.74848 8.52044 8.21257 7.99396 8.17492 7.94105 7.75826 8.08142 10.0931 11.8716 9.11805 8.82267 8.20839 7.77188 7.36344 8.2696 10.0436 8.27757 7.81043 7.66313 7.8765 7.99258 7.62341 7.57476 7.47377 7.09436 6.69768 6.58247 6.76093 6.35149 6.006 5.56844 5.54857 6.48594 7.02151 7.26495 7.39032 7.28503 6.75183 7.26606 7.69974 7.22904
10.0062 10.0584 10.0157 9.96906 9.92218 9.87158 9.8638 9.91063 9.92167 9.89625 9.84866 9.97461 10.1712 10.6235 11.8674 13.5404 12.4674 11.0535 10.8778 10.5386 13.6866 11.1732 10.0413 10.536 9.22079 9.01688 8.85939 8.595 8.35043 7.97231 8.004 8.31999 8.55825 8.83076 13.9044 14.3088 10.7741 8.59247 8.02154 7.44202 7.0467 7.53173 8.57578 8.13572 7.70722 7.30036 7.65702 8.33786 8.24983 7.89382 7.91212 7.16143 6.89956 6.82537 6.82363 6.6127 6.35731 6.06193 5.95309 6.20933 6.96466 7.35489 7.55699 6.98908 6.33261 6.60557 7.285 7.86
