data/bottom_up_emissions/asc/CHMI_RIMM_CZ_NO2_ALL_EPSG28403_2017_MAP-FILE2019-09-16b6fc2e-816.asc
ncols         487
nrows         279
xllcorner     3292639.6108284
yllcorner     5380140.0574971
cellsize      1000
NODATA_value  -9999
[rows 210 to 239 of 279, columns 340 to 407 of 487]
13.7988 13.6273 14.6581 17.6072 17.8987 14.3164 13.3968 12.3198 11.8487 11.7366 12.067 13.0267 16.7318 16.5927 11.3933 9.94114 10.1785 10.7778 12.3415 11.7046 10.7884 10.7192 10.5161 9.97635 9.38044 9.30273 9.4018 9.51187 9.89325 9.91361 9.26668 8.41746 7.57125 7.47178 7.34107 7.64661 7.99026 8.375 8.22535 8.50677 8.38938 8.54425 8.81654 9.15588 9.42047 9.81659 9.92124 10.5917 11.8566 13.8849 11.4791 11.1939 10.4904 9.84018 9.43485 9.48229 9.65934 9.62699 9.1003 8.95011 8.69567 8.89588 8.69958 8.50876 7.85075 8.23456 8.2494 8.05108
16.6698 13.6802 13.8996 16.453 17.3768 13.7152 13.9092 12.841 14.2053 12.7078 12.2207 11.8473 11.994 14.2204 14.0305 11.2813 11.0668 10.9619 10.4567 9.82082 9.96629 9.84121 9.7431 9.54486 9.31769 9.07072 9.03705 9.02946 9.49552 8.65657 8.81279 8.56322 7.93603 7.91902 7.68703 7.75658 7.94921 8.082 8.47129 8.73681 8.53153 8.74502 8.90426 9.33264 11.9892 10.824 11.9414 11.3885 12.937 13.9597 11.4788 11.0843 10.8498 9.92632 9.66743 10.1549 9.96247 9.31389 9.11665 8.90949 8.54841 8.41445 8.83306 8.81573 8.25017 8.52752 8.47732 7.96416
13.9127 12.8933 12.7151 12.7183 13.0086 12.2041 11.8319 11.5996 11.5853 11.1439 10.8647 10.6066 10.5084 12.6479 11.3018 10.7165 10.4793 9.89766 9.43331 9.3644 10.0434 9.86687 9.71157 9.36647 9.16008 9.06555 9.29887 8.59729 8.00035 7.76501 7.98464 8.8071 8.83062 8.59739 8.12369 8.05416 7.86712 8.05482 8.41863 8.78708 8.8926 8.95446 9.25034 9.6502 12.1315 11.0863 12.562 14.6221 14.9111 11.5151 11.048 11.1666 14.9019 10.9334 10.4948 14.7947 10.0872 9.3164 9.21416 8.74143 8.53657 8.63433 8.61923 9.46465 8.47506 8.57367 8.75475 8.4235
14.0021 12.5154 13.2283 11.9385 12.2738 11.9058 11.4642 11.0361 11.0299 11.0986 10.5296 10.6794 10.0427 10.2617 10.2092 9.86632 9.48449 9.29063 9.1318 9.32973 9.52605 9.21449 9.65953 9.52222 9.43659 9.73777 9.83974 8.62492 8.06231 8.04238 7.88188 8.47759 8.38278 8.63258 8.78413 8.36006 8.34093 8.40122 8.24074 8.56816 8.99339 9.39606 10.0957 10.0853 14.667 11.0366 12.0918 14.7064 12.3361 11.2535 11.019 10.9431 11.1877 10.6941 10.5275 10.4395 9.58893 9.5312 9.18458 8.91685 8.84109 9.43604 8.48858 8.87124 8.99087 8.8631 8.68506 8.70605
11.9466 11.672 11.5524 11.4606 11.5577 12.6147 13.7352 10.6982 10.6615 10.3208 10.0545 10.1718 9.88417 9.84202 9.73987 9.48058 9.26161 9.13098 8.88244 9.06022 9.43593 9.30937 9.3939 9.69628 10.0347 12.3809 9.13657 8.49159 8.5535 8.43323 8.3883 8.31954 8.05843 8.38159 8.81389 8.42727 8.15114 8.70025 8.85793 8.99252 9.18715 12.0552 13.5525 10.2158 10.8251 11.1783 13.3981 13.7496 11.6525 11.278 11.5179 11.1265 11.1153 12.7665 10.3616 9.90786 10.4346 9.44841 9.68516 9.20292 8.92969 8.85313 8.79405 8.99507 9.10012 8.99895 8.72022 11.6997
11.5852 11.2577 11.0498 10.9207 10.9358 11.7124 11.8502 10.3803 10.196 10.0907 9.65608 9.76087 9.49288 9.36499 9.32854 9.28746 8.90305 8.75393 8.64295 9.10272 9.29321 9.43121 9.3217 9.59016 9.9118 9.57096 8.23059 7.8854 8.18042 8.09327 7.74431 7.80532 8.13284 8.13682 8.17695 8.85667 9.04101 8.93022 9.24541 9.49253 9.59118 9.95578 10.3445 10.5739 10.8698 12.1905 13.4121 12.2131 11.693 12.1286 13.3477 11.5252 12.4072 12.433 10.0471 9.79308 9.71667 9.41234 9.22929 9.02627 9.00126 8.98865 8.94955 8.82649 9.33555 9.13405 9.26048 11.1125
11.3806 11.1172 10.8971 10.8141 10.4703 10.3373 10.3614 10.1638 9.97903 9.77573 9.50849 9.43041 9.16206 9.05377 8.98163 8.87804 8.69283 8.70747 8.65092 8.78503 8.962 9.53304 9.65202 9.41001 8.88722 8.31178 8.19681 7.85754 7.87987 7.58078 7.78911 8.00932 8.02977 8.34251 8.26059 8.58755 9.57892 12.2532 10.6836 10.1454 11.3796 10.0659 10.2974 10.777 12.2443 15.1417 13.3368 12.2482 13.1185 16.775 13.7084 10.6045 11.8235 9.73184 9.3769 9.36883 9.16462 9.1922 9.04577 9.02366 9.30348 9.2192 8.9292 8.72661 9.63362 9.67029 9.57748 8.6362
11.1099 10.8581 10.8939 10.6407 11.2188 10.0048 10.1036 10.0665 9.951 9.47067 9.39408 9.21436 9.32184 9.45545 9.32342 9.2039 9.08329 8.83181 8.99634 8.94718 9.14559 9.73729 9.62966 9.20755 8.53964 8.03803 7.92443 7.69377 8.09486 7.92554 7.70891 8.17465 8.25658 8.49641 8.75314 8.92422 9.34887 10.9765 11.5994 10.8153 12.9085 10.9213 11.0897 13.2733 17.0355 18.1209 16.4302 14.7606 17.5017 12.1768 10.2207 9.68366 9.80074 9.52319 9.16897 9.09352 8.9429 9.0046 9.12089 9.63887 10.3207 9.09405 8.89306 8.60886 9.18069 9.82829 8.97632 8.571
10.9763 10.4973 11.1701 10.3133 10.3596 10.1345 9.99445 9.88345 9.92605 9.51352 9.26156 9.12374 9.19086 9.56528 9.64743 9.98998 9.28389 9.15239 9.25664 9.19673 9.50334 9.56293 9.44315 8.67804 8.14223 8.04711 8.15594 7.93672 8.12071 8.41986 8.23453 8.44763 8.44707 8.46677 8.64299 8.47461 9.06048 9.64683 10.7659 11.4077 13.1475 15.3528 12.7339 15.2016 16.9727 17.5918 18.329 18.5591 17.4616 11.8508 9.86721 9.6804 9.8049 9.52559 9.137 9.41098 9.24397 9.08889 9.63286 11.5713 9.39156 8.98809 8.68466 8.65164 9.68733 9.79732 8.80902 8.67175
10.6898 10.5288 10.2634 9.99785 9.971 9.9011 9.67817 9.67189 9.74599 9.85672 9.54695 9.36746 9.18737 9.2885 10.3813 14.3488 9.8704 10.0883 9.6057 9.21711 9.4662 9.88127 9.36545 8.38069 8.52708 8.40151 8.46678 8.65022 8.84388 8.7989 8.80421 8.72367 8.27001 8.1549 8.26452 8.76199 9.29612 10.0582 14.2174 11.3449 11.2275 11.8122 12.4524 13.5341 13.5184 14.7448 18.147 18.2115 16.9476 11.9709 10.165 10.1579 9.70829 9.47875 9.18605 9.59327 9.53512 9.66921 9.6636 9.5268 9.23339 8.97309 9.0321 9.04125 10.0254 9.16167 9.04921 8.9609
10.4042 10.3681 10.2317 9.6988 9.61859 9.48382 9.57029 9.71624 9.99956 10.2362 9.94144 9.81668 9.66934 9.55318 10.4215 14.1727 10.4915 9.91377 9.64937 9.16986 9.25899 10.1223 9.68503 8.97736 9.0521 8.97804 9.0681 9.25194 9.3716 9.09411 8.93165 10.0892 8.95446 8.91231 8.98987 9.3458 9.42927 9.40976 9.98862 12.345 10.6569 11.1674 12.2079 12.3508 12.6896 13.5322 15.0769 18.8326 17.702 12.9138 11.2309 12.8069 10.5174 9.571 9.84677 11.4302 11.6258 10.9634 9.84236 9.45571 9.456 9.08071 9.26284 9.77461 10.1557 9.18336 9.24622 8.86067
10.1374 12.327 9.79717 9.77667 9.87311 9.68883 9.84371 9.97004 9.90049 10.7068 10.4629 10.2441 9.98068 10.2466 10.3683 10.7617 10.2936 9.98746 9.69785 9.43186 9.38598 10.3979 12.8156 9.70519 9.67386 9.63619 9.5383 9.48945 9.45481 9.28513 9.24946 9.04982 8.80592 9.10543 9.06975 9.09149 9.00489 8.99391 9.40848 10.2359 10.7609 11.6351 12.6868 13.2611 13.9158 16.3378 13.9217 17.9816 14.6112 16.0176 15.3874 12.8461 12.129 11.0876 11.2667 11.1444 10.8887 11.1676 11.2526 10.8205 11.0157 10.7768 10.7497 13.2499 10.5083 9.55249 9.92996 9.17437
9.86433 10.1539 9.90978 9.88326 9.99675 9.92492 9.85574 11.8784 10.0135 10.8634 11.7852 10.7247 10.4396 12.781 10.7782 10.8005 10.3506 10.1188 9.63884 9.7755 11.426 10.4983 11.0329 10.0338 9.99739 10.7242 9.9493 9.70333 9.65119 9.48514 9.14343 8.70498 8.7407 8.81773 8.88093 9.11018 9.04952 9.57124 12.0261 10.6775 11.4468 13.9162 11.5643 11.332 11.5159 12.04 13.0532 14.8782 11.7971 11.9602 14.1993 9.92693 10.2223 10.4628 10.5263 9.80542 9.4605 9.92268 13.7046 16.3118 15.6831 16.0774 14.0163 11.9292 10.394 12.4102 13.0256 9.80925
9.84446 9.93246 9.98111 10.243 10.1506 10.2322 10.0055 11.9416 10.2821 10.4291 10.7924 10.5371 10.3474 10.4465 10.5919 10.7732 10.4435 10.345 9.84242 10.082 10.3604 10.8956 12.4438 10.5583 11.2565 10.3364 10.2309 9.77998 10.286 9.60216 9.16804 9.04758 9.35793 9.27404 9.18595 11.0916 9.41748 9.76577 12.5118 11.7846 11.8716 13.8071 11.2967 11.2058 11.329 11.5955 11.8734 11.8017 10.8371 10.0673 9.72703 9.37091 9.21006 9.36811 9.51587 9.90374 9.25114 9.76973 11.1959 16.0075 17.0901 17.2715 12.5925 10.9878 10.1495 9.88005 9.48254 9.29986
10.0233 10.2127 10.1848 10.1913 10.2165 10.2978 10.0796 10.1341 10.474 10.4933 10.6156 10.4684 10.3629 10.2147 10.3398 10.3094 10.1626 9.65187 9.84137 10.8043 10.8128 11.7121 17.1896 13.7579 12.1607 10.6021 10.4144 10.1005 10.3141 9.77277 12.2633 9.63769 9.71285 9.65062 9.57544 9.55147 9.59416 9.94772 10.9032 11.3965 11.1443 11.1608 11.1803 11.1894 11.333 12.3012 11.3198 10.6507 10.3895 9.92737 9.24101 9.08536 8.87644 9.0884 9.49624 12.4125 11.4669 9.96361 10.0914 10.9193 13.3716 15.0438 11.5572 10.9896 10.534 9.71715 9.49371 9.04173
10.396 10.2514 9.93914 10.001 9.92782 10.7411 10.3283 10.3504 10.5229 10.4669 10.6155 10.4749 10.421 10.4646 10.4484 9.87411 9.98313 9.63585 10.3647 11.8352 11.2683 13.158 17.9996 16.668 11.906 11.0705 10.9448 12.5463 10.2858 9.92931 9.92132 9.69221 9.93552 9.94814 9.639 9.42214 9.78688 10.3833 11.161 11.0694 11.0142 11.1193 11.2731 11.3364 12.2591 17.0532 11.344 10.2989 10.1853 10.7148 9.64402 9.28347 9.23605 9.34362 9.67858 12.4273 13.4217 9.69324 9.40509 9.9205 11.6106 16.0847 10.9896 9.9548 10.0995 10.1876 9.62147 9.34415
10.3276 10.0617 10.154 10.2915 10.1937 10.1823 10.4373 10.4723 10.2651 10.191 11.4535 10.5181 10.3552 10.2745 10.3713 10.1124 10.6674 10.2972 10.6871 11.2275 11.8875 16.0712 18.5818 15.6849 12.4989 11.4052 10.8761 10.3011 9.90789 9.66274 9.59864 9.58546 12.0286 10.9429 11.9221 9.85983 10.0913 10.9711 11.3033 10.9916 11.0271 11.2599 11.8071 12.0388 14.4052 14.4091 11.4247 10.3722 10.1418 9.93538 10.0841 10.4289 10.0487 9.69245 9.68275 9.75461 9.60318 9.14934 9.19984 10.1014 11.2089 11.1961 9.85987 9.20076 9.67208 12.1389 11.5052 9.26656
10.1742 9.94073 10.5015 11.3038 10.716 10.6105 10.6724 10.5253 10.1586 10.4067 10.5041 10.3659 10.1588 10.1832 9.76465 10.2665 10.3743 10.4346 10.423 10.8144 11.5141 12.5084 14.4293 13.768 12.722 12.3407 11.2367 10.7386 10.2341 9.96812 9.92886 9.90699 10.2905 10.0328 9.77432 9.98205 10.569 14.1015 11.9391 11.1782 11.205 11.8861 16.3951 15.9384 12.4732 11.3055 10.7513 10.4418 10.0307 9.83827 10.5245 15.7462 15.369 10.6161 9.70905 9.39329 9.26147 9.25157 9.56567 10.7016 13.5477 10.2799 9.35005 9.12439 9.49824 10.5633 11.8829 9.29866
9.9101 9.65638 9.94614 11.8354 11.2784 10.7915 12.6412 11.5451 10.3125 10.4559 10.6714 10.5765 10.4192 10.1205 10.0172 10.2812 10.445 10.3718 10.5369 10.8012 13.8558 11.9017 12.1623 12.4171 12.2606 13.2567 11.8485 11.47 11.9159 11.4459 10.7815 10.5479 10.6307 10.0598 9.96346 10.6273 12.1761 13.7452 11.5071 11.1324 11.2517 13.9265 17.1283 15.972 11.8628 10.9912 10.5979 13.1286 11.8144 9.93861 9.98339 11.4678 12.3736 10.3787 10.0165 9.68633 10.222 10.5756 10.2422 10.5548 14.7112 11.9845 9.27951 9.36259 9.46735 9.79094 9.54652 9.30346
9.4611 9.80967 9.75696 10.1886 10.0788 10.3224 10.6468 11.1573 10.8304 10.6592 10.5371 10.5394 10.4521 10.2848 10.325 10.4367 10.4506 10.4392 10.6601 11.985 14.9632 11.5813 11.5705 11.8778 12.37 11.5955 11.444 11.6925 16.1485 17.1024 12.1538 11.6418 15.6904 14.4874 13.5351 12.3238 12.6601 11.4726 11.3748 11.3227 11.3069 11.7661 13.8 12.3636 11.0465 10.6974 10.404 10.3375 9.75739 9.59523 9.62172 9.61414 9.78185 9.8573 9.8667 11.504 15.2403 12.9564 10.5079 10.0248 10.2578 10.2716 9.42792 9.33886 9.25104 9.38124 8.9741 8.69367
9.65206 9.89624 10.0297 10.2887 10.226 10.4466 10.7228 10.8984 11.0913 10.8568 10.3762 10.3087 10.4053 10.3664 10.4964 12.2339 10.7706 10.6288 11.2248 16.3895 12.3051 11.2364 11.2556 11.6206 11.5112 11.3172 11.2726 11.2915 12.3921 13.2636 11.022 11.0817 11.6572 11.7059 11.8243 11.2141 10.9035 10.9462 11.1424 11.4589 11.7508 13.4854 16.9892 12.0788 10.9641 10.6278 10.3204 9.74398 9.14725 9.1539 9.34331 9.11604 9.40707 9.62124 9.27083 9.29251 10.2929 10.3125 10.0832 9.6215 9.53056 9.32014 9.0857 8.9092 8.74533 8.55162 8.47055 8.16045
10.5418 10.1464 10.2636 10.7051 10.2103 10.8862 11.6993 11.0313 11.1129 11.1274 10.3144 10.2574 10.7139 10.5348 10.7354 14.4192 13.1745 10.8644 10.9037 11.6748 11.4244 11.1805 11.074 11.8458 11.4238 11.2027 11.4277 11.2966 10.8925 10.6745 10.6209 10.5909 10.5937 10.6538 10.9502 10.8545 10.7708 10.842 10.936 11.1938 13.3675 18.1565 17.424 11.7841 10.9548 10.6647 10.7531 12.9164 9.59722 9.12338 9.17816 9.01658 9.36941 9.28933 9.13036 8.96195 9.28494 9.63987 10.6067 9.33083 8.96753 8.86777 8.82874 8.61572 8.22181 8.13277 7.81756 7.31833
10.1157 10.0054 9.90157 9.67648 9.9361 10.482 10.9988 11.0827 11.1486 11.6624 10.9533 11.0883 14.8487 13.6161 10.7381 10.5331 10.6677 10.8253 10.8139 10.996 11.6822 11.1702 10.8482 11.7414 12.2386 11.1444 13.0528 11.0677 10.7034 10.4996 10.4264 10.3763 10.3178 10.348 10.699 10.8216 10.7873 10.8257 10.9401 11.6779 16.942 17.8287 14.9281 11.5246 11.1353 10.8969 11.1574 14.7139 10.7525 9.6166 9.58699 9.50159 9.36856 8.7904 8.72863 9.39031 9.26684 8.84618 8.99782 9.26661 8.60202 8.55852 10.3724 8.42931 8.08908 7.72295 7.16665 6.91737
9.9279 9.75593 9.59101 9.77938 10.0251 10.7163 10.7951 10.6332 10.6563 10.9042 12.9815 13.0022 11.366 10.7874 10.3907 10.2894 10.4269 10.6319 10.8056 10.9569 11.1954 10.7986 10.3588 10.424 10.7053 11.3712 15.9655 11.2317 10.6366 10.4948 10.3933 10.3133 10.2638 10.2928 10.5988 11.0445 10.8401 10.8679 11.2089 15.2285 16.4086 14.2944 11.3087 11.1508 11.0875 10.9744 10.7194 10.7139 9.98738 9.77853 9.70322 9.70481 9.92598 8.99153 8.76972 10.9161 8.81688 8.32158 8.39327 10.0117 8.37364 8.13713 8.22749 8.0812 7.93423 7.36621 7.03269 8.58195
10.0357 10.0546 9.71399 9.92207 11.0806 12.8182 10.1905 9.81723 10.0675 10.5256 10.8287 10.9644 10.8208 10.6457 10.2894 10.1433 10.3424 10.7107 10.8241 10.9456 11.144 11.1575 10.3862 10.2616 10.6031 11.7106 11.5816 10.7907 10.627 10.4803 10.4199 10.3726 10.3733 10.3804 10.6073 10.9962 10.9704 10.9498 12.3912 16.7627 11.5486 10.6873 11.0322 11.1243 10.6946 10.4129 10.3415 10.2178 9.74971 9.5136 9.6098 9.37975 9.05414 8.828 8.84813 8.64104 8.45987 8.00182 7.92903 8.28803 8.04075 7.65473 7.53047 7.51062 7.60158 7.43512 7.3551 7.65159
9.98482 10.1958 10.1496 10.4808 10.9802 12.6769 10.1331 9.61694 9.99178 10.2751 10.5074 10.5887 10.4877 10.6701 10.3495 10.2401 10.4494 10.8013 11.116 13.403 13.3899 16.21 11.0836 10.5316 11.2971 16.2485 14.4076 10.9368 10.6665 10.5109 10.4542 10.4686 10.4817 10.5294 10.6716 10.9829 11.2016 11.1052 12.5804 11.5323 10.656 10.7908 11.9732 11.8252 10.8829 10.3995 10.0798 9.93302 10.358 11.3109 9.60281 9.13851 9.02642 8.56043 8.42293 8.27345 8.15758 7.87795 7.60284 7.81392 7.79844 7.15436 7.11815 7.43714 7.76784 8.26764 7.70434 7.76255
10.514 10.5896 10.9146 11.3027 10.7635 10.122 10.3047 9.81491 10.1127 10.3802 10.2075 10.4978 10.5979 10.7738 10.9632 11 10.924 11.0551 13.0406 14.611 17.1908 14.8414 10.9492 10.6332 11.0614 15.0764 12.6523 10.925 10.7685 10.6446 10.6093 10.6183 10.6453 10.6931 10.7914 11.0198 12.0143 11.6725 11.5323 11.2638 10.9341 11.0701 12.1888 11.8291 13.6868 12.1381 11.2901 13.5063 10.0398 9.32026 9.53364 9.08836 8.8921 8.31661 7.97364 8.00877 7.84991 7.68004 7.52098 7.38564 7.12457 6.74939 7.30919 7.40724 8.25054 11.5852 8.21291 7.64058
12.0122 10.983 12.2678 13.2739 10.6271 10.082 10.5439 9.89009 10.3043 14.2804 10.4637 10.4242 10.5938 10.9611 12.6812 16.4058 14.6645 11.1977 11.0884 11.0668 11.7459 11.5095 10.8361 10.6542 10.7653 11.3395 11.1375 11.0022 10.9694 10.8979 10.8753 10.8437 10.8111 10.825 10.9249 11.839 17.4851 16.5355 11.9954 11.1602 10.8102 10.781 10.823 10.6365 11.2692 10.2589 10.0179 9.74346 9.06602 8.86093 9.26836 9.80268 8.77062 7.93608 7.48646 7.8574 7.81292 7.68908 7.29175 7.19185 6.6983 6.44225 6.92468 7.09164 7.31792 8.67347 8.52155 7.52828
17.2131 11.8513 11.2905 10.9494 10.5773 10.2457 10.1898 10.0779 10.6304 15.2502 10.6332 10.3345 10.398 10.5441 10.838 14.8959 11.8687 11.272 11.0915 10.9867 11.0459 11.255 11.0498 10.922 11.1732 11.43 11.262 11.563 12.3279 11.9083 11.1583 11.0339 10.9848 11.0129 11.3061 13.4854 17.3822 14.1292 10.9127 10.5398 10.5369 10.4922 10.4283 10.2655 10.0212 9.77095 9.53059 9.35254 9.01938 8.84824 9.47808 13.8294 9.23847 7.74927 7.28631 7.80408 7.90117 7.70096 7.33648 6.84073 6.77794 6.96219 6.37551 6.4922 6.935 7.81951 11.2741 8.33533
16.6786 12.2199 11.4332 10.9963 10.6087 10.3846 10.2455 10.2506 10.253 11.154 10.5332 10.2765 10.2646 10.1945 10.1351 10.5831 10.9577 11.3143 11.4819 11.4682 11.3373 11.5921 11.5773 11.3972 11.7978 11.831 12.1407 13.4443 12.4608 13.642 11.7046 11.4336 11.4457 11.8269 13.926 11.4106 11.5137 10.5574 10.1291 10.2042 10.2891 10.2342 11.2427 10.0534 9.4272 9.14712 8.86771 8.93097 9.28565 9.22984 9.17651 11.3188 9.34223 7.77145 7.82951 7.95946 7.82679 7.86784 7.73044 7.34183 7.27167 6.77807 6.08103 6.58433 7.25388 7.28621 7.94557 -9999
