data/bottom_up_emissions/asc/CHMI_RIMM_CZ_PM10_ALL_EPSG28403_2017_MAP-FILE2019-09-16b6fc2e-817.asc
ncols         487
nrows         279
xllcorner     3292639.6108284
yllcorner     5380140.0574971
cellsize      1000
NODATA_value  -9999
[rows 84 to 111 of 279, columns 0 to 63 of 487]
-9999 12.97043 12.71511 13.07404 12.85979 12.93718 12.85227 12.913 13.33972 13.48926 -9999 -9999 -9999 -9999 -9999 -9999 -9999 -9999 -9999 13.86246 14.12996 14.10925 13.92989 13.85333 13.69237 13.7867 13.95824 14.04083 13.71956 13.77147 13.82714 14.61535 14.71717 14.92267 13.59789 13.40712 15.33637 15.48531 15.57598 15.82239 17.06051 17.13814 17.16938 17.1804 17.183 17.1764 17.15001 17.09756 17.03161 16.96639 16.9155 16.88631 16.88147 16.8961 16.92691 16.97128 17.02769 17.09145 17.15356 17.19797 17.19788 17.06815 17.01459 17.40562
-9999 12.86502 12.64233 12.94293 12.69195 12.7444 12.95497 13.28841 13.66982 13.81514 13.84592 13.3126 -9999 -9999 -9999 -9999 -9999 -9999 -9999 13.9769 14.02985 14.30535 13.95457 13.91959 13.91258 13.86746 14.04636 13.67815 13.52803 13.67438 13.80573 14.83192 14.94034 15.20166 15.56883 15.17352 16.43773 16.88782 17.29879 15.55774 17.73293 17.75484 17.73712 17.71811 17.70914 17.70382 17.6765 17.60392 17.4994 17.399 17.32212 17.27584 17.26026 17.26306 17.27641 17.29808 17.33396 17.38175 17.43377 17.4732 17.09863 17.11942 17.16713 17.13672
13.12476 12.96348 12.61074 12.76255 12.7199 12.94546 13.1907 13.21985 13.4079 13.52529 13.35439 -9999 -9999 -9999 -9999 -9999 -9999 -9999 -9999 14.28042 14.18038 14.946 14.70159 14.05842 13.85855 13.95871 14.00412 13.58504 13.54743 13.4815 13.70739 14.64718 15.09383 15.43769 15.54727 14.97091 16.8724 17.35893 17.62164 17.50671 18.35633 18.2757 18.1952 18.14598 18.13476 18.15067 18.1442 18.04194 17.88831 17.7504 17.64953 17.59173 17.5727 17.57508 17.57198 17.56818 17.58269 17.62006 17.67359 17.7966 16.66086 16.43924 16.12458 16.56957
-9999 12.7748 12.53997 12.82705 12.79626 12.97048 13.16241 12.78571 13.24637 13.61731 13.26789 -9999 -9999 -9999 -9999 -9999 -9999 -9999 -9999 15.16543 15.08397 15.38043 15.25036 15.09207 14.76828 14.58164 14.98211 14.44956 14.39208 14.43299 14.3047 15.27541 15.25774 15.71239 16.09473 15.66896 17.21585 17.77299 18.37105 18.73871 18.80022 18.61926 18.49512 18.4269 18.41534 18.46212 18.54735 18.36359 18.15078 17.9885 17.87638 17.81312 17.80026 17.82418 17.81865 17.76057 17.75623 17.78428 17.84248 17.9237 15.46147 15.52568 15.2522 15.69094
-9999 -9999 -9999 13.23871 13.12421 14.72013 15.68986 12.72388 13.23704 13.64925 13.47636 13.26724 -9999 -9999 -9999 -9999 -9999 16.20386 17.05483 17.01318 16.92003 16.81035 16.55511 16.4704 16.28477 15.83446 15.64631 15.48194 15.31564 15.05698 15.00522 15.70043 15.79302 16.09545 16.50776 16.68811 17.4511 17.95841 18.46276 18.83156 18.84608 18.72233 18.609 18.53696 18.51498 18.54121 18.56662 18.42834 18.24071 18.09081 17.9852 17.92364 18.01365 18.0814 17.89382 17.85082 17.83834 18.08846 17.90467 17.98677 15.79355 15.96156 15.86012 15.98815
-9999 -9999 -9999 -9999 -9999 13.85777 16.84277 16.822 16.07122 13.45688 13.37712 13.07576 13.41228 14.33556 -9999 -9999 -9999 17.16731 17.13224 17.17844 17.11832 17.03606 16.64638 16.64865 16.55837 16.14464 15.70302 15.35127 15.52341 15.23611 15.13022 15.91293 16.24012 16.47286 16.80038 17.18266 17.59063 17.99918 18.3667 18.61285 18.68261 18.63531 18.55564 18.48759 18.44685 18.42718 18.39199 18.29901 18.17367 18.0605 17.97573 17.922 18.05871 18.51602 17.88893 18.69604 18.42621 17.86613 17.85135 17.89706 16.00136 15.72917 15.67154 15.91917
-9999 -9999 -9999 -9999 -9999 13.18781 16.90168 16.87369 16.49881 13.45758 13.35801 13.01345 13.56506 14.41002 -9999 -9999 -9999 16.49891 17.31584 17.26196 17.31833 17.2637 16.7782 16.66968 16.72326 16.39801 15.98237 15.21405 15.50404 15.5079 15.3085 16.07815 16.60583 16.78788 17.04277 17.34326 17.66268 17.97074 18.23023 18.4011 18.46397 18.44312 18.38134 18.31362 18.25554 18.20797 18.15357 18.0818 17.99859 17.92227 17.86479 18.23552 18.5601 18.32702 18.17519 17.73881 17.72469 17.71465 17.71019 17.70222 16.60468 16.66789 16.62198 15.61144
-9999 -9999 -9999 -9999 -9999 -9999 13.32659 16.66928 13.14203 13.18474 13.21159 13.06881 13.18669 14.11257 -9999 -9999 -9999 16.12482 17.29644 17.2926 17.30364 17.36356 16.86861 16.75407 16.76216 16.58261 16.00855 15.17932 15.59397 15.28246 15.19249 16.74847 16.87085 17.01585 17.22703 17.45396 17.69105 17.91046 18.08504 18.1916 18.22299 18.19375 18.12907 18.05243 17.97931 17.91416 17.85441 17.79814 17.84066 17.77117 17.89887 18.10727 17.74673 17.6228 17.60369 17.58273 17.56114 17.53847 17.51539 17.45268 14.93406 15.03006 15.25588 15.28089
-9999 -9999 -9999 -9999 -9999 -9999 -9999 13.37871 13.51659 13.43804 13.29918 13.30442 13.46653 -9999 -9999 -9999 -9999 17.14042 17.67393 17.71674 17.73496 17.72834 17.69832 17.64584 17.57182 17.48172 17.38026 17.27836 17.18855 17.11742 17.0735 17.07043 17.11798 17.21697 17.3576 17.52375 17.69277 17.83929 17.94237 17.98721 17.97312 17.91376 17.82745 17.73106 17.63962 17.56117 17.50084 17.76448 17.43385 17.42494 17.42556 17.43319 17.43682 17.42838 17.41086 17.21931 16.51046 15.96797 15.93986 15.60972 14.16335 14.17529 14.46413 14.01153
-9999 -9999 -9999 -9999 -9999 -9999 -9999 -9999 14.3638 14.35863 14.34089 14.14631 14.34494 -9999 -9999 -9999 -9999 17.64048 17.8432 17.90801 17.94705 17.96157 17.9519 17.91675 17.85509 17.76729 17.65932 17.54597 17.4414 17.34994 17.28473 17.25825 17.27685 17.34152 17.4415 17.5605 17.67788 17.76719 17.80877 17.79229 17.72177 17.63058 17.4955 17.36965 17.25349 17.15988 17.19792 17.06894 17.0723 17.09843 17.13505 17.17337 17.20073 17.2086 17.19436 16.98764 16.11605 15.94464 15.88991 15.6969 14.32379 14.13047 14.22234 13.78341
-9999 -9999 -9999 -9999 -9999 -9999 -9999 -9999 14.46984 14.51172 14.42641 14.25182 14.66743 15.43391 -9999 -9999 16.04686 17.70445 18.01654 18.09908 18.15565 18.18889 18.19938 18.18357 18.13204 18.04179 17.92013 17.78507 17.653 17.53273 17.4383 17.38322 17.37424 17.41088 17.48275 17.57172 17.65505 17.7525 17.82814 17.69022 17.79906 17.5112 17.16116 16.99857 16.97905 16.84213 17.00957 16.63498 16.67087 16.87979 16.81906 16.89305 16.94982 16.97616 16.96788 16.87351 16.35828 16.10429 15.98973 15.88083 14.45209 14.23279 14.16605 14.04393
-9999 -9999 -9999 -9999 -9999 -9999 -9999 -9999 14.5865 14.59858 14.66645 14.58042 14.84712 15.70112 15.93197 16.08744 -9999 17.83055 18.1687 18.26243 18.33488 18.39138 18.43065 18.44122 18.40403 18.30693 18.15857 17.98794 17.81869 17.66147 17.53147 17.44405 17.40933 17.4263 17.48229 17.55715 17.62727 17.71846 17.79237 17.60007 17.43279 17.02294 16.86296 16.92833 16.58101 16.22835 16.15108 16.15971 16.23884 16.35764 16.48928 16.61011 16.6993 16.74656 16.74392 16.70612 16.27344 16.54713 16.20034 16.12274 14.56161 14.41706 14.32308 14.19336
-9999 -9999 -9999 -9999 -9999 -9999 -9999 -9999 14.48311 14.77959 14.88015 14.82733 16.24923 15.97966 16.00153 16.13429 16.27995 17.82763 18.28548 18.37646 18.45496 18.53229 18.60484 18.66267 18.66624 18.56137 18.36574 18.14526 17.93206 17.73393 17.56302 17.4379 17.37868 17.38703 17.43891 17.51349 17.58948 17.63831 17.60775 17.43246 17.1013 16.78261 16.49433 16.19652 15.91788 15.70241 15.60547 15.64827 15.78788 15.9713 16.0107 15.5104 16.07228 16.32382 15.83587 15.0921 14.68562 14.54582 14.39042 14.18779 13.76894 13.66105 13.45029 13.15456
-9999 -9999 -9999 -9999 -9999 -9999 -9999 14.21577 15.62182 15.98993 16.1435 16.2082 16.81407 17.05885 17.13272 17.16072 17.3099 18.05243 18.35224 18.42158 18.50045 18.59256 18.69776 18.81011 18.89593 18.78129 18.51477 18.23929 17.98525 17.74912 17.53609 17.36218 17.28049 17.2947 17.35057 17.42975 17.52282 17.61305 17.65027 17.48432 17.07652 16.63185 16.21997 15.8263 15.45402 15.14254 15.00702 15.1167 15.34487 15.15078 14.69082 14.26861 15.18884 15.1738 14.81159 14.2458 14.08228 13.88445 13.54398 13.67148 13.61644 13.57025 13.40733 13.05453
-9999 -9999 -9999 -9999 -9999 -9999 -9999 14.53805 16.38747 16.74765 16.78909 16.75723 16.8637 17.28957 17.47504 17.53823 17.65699 18.11676 18.29913 18.37224 18.45749 18.55879 18.6774 18.81183 18.95448 18.82808 18.53287 18.24681 17.97306 17.71546 17.47385 17.2492 17.14438 17.17136 17.21903 17.2903 17.38553 17.50661 17.65821 17.5692 16.97819 16.44029 15.95107 15.49069 15.04227 14.60159 14.34956 14.63318 14.96026 15.27234 15.18183 14.83773 15.20656 15.36519 14.78672 14.07822 13.80338 13.80288 13.51625 13.49795 13.56651 13.42977 13.35852 13.27003
-9999 -9999 -9999 -9999 -9999 -9999 -9999 14.4607 16.40191 16.85586 16.87004 16.84975 16.95921 17.29103 17.46331 17.64784 17.72687 18.00714 18.13493 18.23237 18.32758 18.43011 18.54053 18.6433 18.69617 18.60922 18.4004 18.15279 17.89605 17.63841 17.39638 17.18922 17.06703 17.03483 17.04555 17.08367 17.1468 17.2275 17.29184 17.13645 16.66803 16.15627 15.66728 15.20296 14.75696 14.33691 14.12478 14.368 14.69001 15.15004 15.45553 14.71954 14.99451 15.45265 14.81418 13.63457 13.54441 13.33633 13.2504 13.17328 13.23006 13.19812 13.15428 13.06347
-9999 -9999 -9999 -9999 -9999 -9999 -9999 14.39693 16.01181 16.79327 16.76379 16.84605 17.00699 17.27836 17.40042 17.53747 17.67903 17.8129 17.92926 18.03148 18.12891 18.22668 18.31957 18.38868 18.40356 18.33345 18.18111 17.97962 17.75483 17.51805 17.28584 17.08901 16.94699 16.86449 16.82478 17.50732 16.81705 16.81617 16.76145 16.56909 16.22043 15.79803 15.3667 14.9553 14.58204 14.28919 14.29403 14.41792 14.66669 14.95225 15.2395 15.49154 14.72809 15.39914 14.95428 13.76114 13.22329 13.31136 13.0926 13.08264 13.05407 13.02987 12.88767 12.75188
-9999 -9999 -9999 -9999 -9999 -9999 -9999 14.63713 16.25815 16.75944 16.74413 16.95478 17.16089 17.2442 17.31579 17.4051 17.50306 17.60182 17.69892 17.79304 17.88583 17.97454 18.05188 18.10041 18.10262 18.04287 17.92292 17.75666 17.56123 17.35024 17.12844 16.92908 16.7669 16.64546 17.29534 16.49142 16.08023 14.97185 14.14846 13.59197 13.47097 14.07272 14.27331 13.88147 13.74941 13.76483 13.58263 13.65672 14.53072 14.46902 13.66495 13.80024 14.10891 14.58936 13.78111 12.87234 12.47899 12.66813 12.73798 12.69151 12.24049 12.25981 12.19641 12.10999
-9999 -9999 -9999 -9999 -9999 -9999 -9999 -9999 15.64547 15.73308 15.63276 15.83559 16.00997 17.18543 17.21279 17.25767 17.25328 17.37987 17.45221 17.53284 17.61678 17.69754 17.76507 17.80335 17.80057 17.74934 17.64812 17.50511 17.33054 17.13689 16.92628 16.71931 16.58533 15.70533 15.01936 14.68736 13.65312 12.48777 12.14738 11.93368 11.79894 12.36107 12.18365 12.14292 12.17402 12.28785 12.75004 12.69167 13.0986 13.24175 13.27876 13.88306 14.23523 14.25771 13.55934 12.78883 12.14447 12.38111 12.50644 12.43423 12.34695 12.35755 12.32472 12.25585
-9999 -9999 -9999 -9999 -9999 -9999 -9999 -9999 -9999 15.8966 15.96608 15.97719 15.93477 17.10867 17.07198 17.1039 17.11016 17.14934 17.66408 17.3355 17.47821 17.4136 17.47501 17.50916 17.50541 17.45962 17.36893 17.33794 17.13867 16.97126 16.9577 17.01331 15.1192 15.02159 14.81158 14.7302 13.82733 12.5277 12.4556 12.05098 11.71275 12.04257 12.26579 11.80541 11.83608 12.01379 12.557 12.48213 14.19444 14.36687 13.0054 13.53643 14.00552 14.31894 13.96729 13.06235 12.42205 12.42382 12.48408 12.31379 12.3721 12.62276 12.70366 12.42367
-9999 -9999 -9999 -9999 -9999 -9999 -9999 -9999 -9999 -9999 -9999 15.85295 15.93763 17.02047 16.98274 16.97017 16.93001 16.91829 17.07886 16.98585 17.29887 17.13657 17.19705 17.22944 17.22476 17.26975 17.09305 16.96737 16.80922 16.6219 16.41339 16.18835 15.13559 14.70252 14.64466 14.47245 13.56013 12.31895 12.46299 12.02747 11.74665 11.87186 12.20105 12.04763 11.88393 11.86971 12.55246 12.67278 12.83741 13.27463 13.57469 14.12637 14.41423 14.3222 13.64847 13.04661 12.5463 12.56035 12.68525 12.86094 12.75855 12.80378 12.85921 12.87263
-9999 -9999 -9999 -9999 -9999 -9999 -9999 -9999 -9999 -9999 -9999 -9999 15.72773 16.93271 16.87902 16.82373 16.75934 16.69666 16.95524 17.16533 16.95922 16.88211 16.94299 17.25034 17.26895 16.98585 17.16776 16.69967 16.53746 16.34477 16.2873 16.04824 14.8778 14.51138 14.3219 13.99814 13.10699 12.03695 12.30542 11.71975 11.4473 11.9241 12.00387 11.81199 11.84309 11.74325 12.50071 12.8821 12.91584 13.01816 13.16608 13.74914 14.28764 13.62749 13.47704 13.07706 12.66564 12.62494 12.73383 12.92119 12.92887 13.02534 13.21648 13.29229
-9999 -9999 -9999 -9999 -9999 -9999 -9999 -9999 -9999 -9999 -9999 -9999 15.05262 16.10759 15.97821 16.19471 16.48335 16.56738 16.65386 16.74005 16.72977 16.66606 16.72444 16.74807 16.73428 16.91779 16.78259 16.15654 15.91035 15.95463 15.83476 15.17837 12.92893 12.78257 12.52159 12.27152 11.42934 10.62494 10.86936 10.37175 9.918794 10.21617 10.22371 9.991799 10.09015 10.22738 11.29745 11.4529 11.59797 11.88934 12.41394 13.89294 14.67257 13.62144 13.32927 13.04209 12.62931 12.76863 13.00279 13.0156 13.18744 13.29368 13.52747 13.26095
-9999 -9999 -9999 -9999 -9999 -9999 -9999 -9999 -9999 -9999 -9999 14.36017 14.20672 15.17485 15.19953 15.52415 15.72485 16.14583 16.24394 16.38243 16.43538 16.50079 16.54463 16.4842 16.50664 16.54791 16.47184 15.34745 15.11118 15.22674 15.142 14.58883 12.17904 11.85982 11.6464 11.72765 11.28086 10.27846 10.60698 10.18891 9.894931 10.143 10.02545 9.93773 10.02551 10.18293 11.12306 11.45797 11.56912 11.87338 12.60871 13.93955 13.61411 13.41671 13.30857 13.02634 12.79514 12.94697 13.11327 13.17647 13.35039 13.41229 13.53605 13.31362
-9999 -9999 -9999 -9999 -9999 -9999 -9999 -9999 -9999 -9999 -9999 -9999 -9999 -9999 -9999 15.4818 15.61831 16.04971 16.47303 16.42666 16.66576 16.54652 16.78726 16.51544 16.49188 16.41351 16.34381 15.46617 15.05321 15.13837 15.14965 14.94261 12.61855 11.96289 11.94916 11.6309 10.96308 10.07226 10.31616 9.964425 9.749827 9.989449 10.06396 10.11262 10.18196 10.22168 11.22692 11.2962 11.54813 11.56011 12.18486 13.89007 13.33273 13.0423 13.05178 13.01409 12.87529 12.98118 13.09175 13.23187 15.74353 13.50947 13.51244 13.35953
-9999 -9999 -9999 -9999 -9999 -9999 -9999 -9999 -9999 -9999 -9999 -9999 -9999 -9999 -9999 15.52325 15.53662 15.94261 16.60562 16.48574 16.78334 16.8314 16.65724 16.30338 16.33537 16.34971 16.26668 15.40726 15.0533 15.02517 14.9648 14.95699 12.89318 12.13857 11.70084 11.20656 10.62909 9.940119 10.11808 9.846786 9.756989 9.925371 10.1081 10.26434 10.44088 10.40776 11.49555 11.58085 11.77003 11.61124 11.88888 13.67428 13.51545 13.16744 13.29236 13.106 12.94096 13.02741 13.09992 13.13824 13.34912 13.46417 15.95184 15.19706
-9999 -9999 -9999 -9999 -9999 -9999 -9999 -9999 -9999 -9999 -9999 -9999 -9999 -9999 -9999 -9999 15.70843 16.00511 16.6223 16.50467 16.74331 16.45694 16.37865 16.29542 16.15136 16.221 16.0926 15.30675 14.95713 14.87034 14.74787 14.84701 12.91539 11.92667 11.15789 10.78267 10.26268 10.00364 10.12104 10.01375 9.85956 9.980799 10.12108 10.36836 10.55165 10.6121 11.31273 11.84323 11.84988 11.99622 12.05957 13.21433 13.02586 13.18021 13.25692 12.97293 12.8477 12.88178 12.87477 12.88455 13.40531 13.70221 13.81742 15.42881
-9999 -9999 -9999 -9999 -9999 -9999 -9999 -9999 -9999 -9999 -9999 -9999 -9999 -9999 -9999 -9999 -9999 -9999 15.67782 15.63332 15.61006 15.48107 14.98534 14.51602 14.24733 14.3945 14.2294 13.79264 13.64681 13.33614 13.38539 13.53841 12.95649 12.22658 11.47869 10.70076 10.14575 9.887947 9.769845 9.946689 10.26909 10.38273 10.43708 10.36596 10.36541 10.35355 11.28638 11.85928 11.74408 11.88627 12.30986 12.87884 12.42163 12.46095 12.74093 12.95195 12.98476 12.89033 12.78841 12.74728 13.36775 13.78244 13.86729 13.88762
