data/bottom_up_emissions/asc/CHMI_RIMM_CZ_PM10_ALL_EPSG28403_2017_MAP-FILE2019-09-16b6fc2e-817.asc
ncols         487
nrows         279
xllcorner     3292639.6108284
yllcorner     5380140.0574971
cellsize      1000
NODATA_value  -9999
[rows 140 to 167 of 279, columns 384 to 447 of 487]
17.4677 17.56926 17.18459 16.74764 16.47105 16.31144 16.37286 16.52461 16.62685 16.89651 17.17728 17.21956 17.51871 17.59516 17.77184 18.11283 18.4017 18.80037 18.79897 18.67727 18.87205 21.46094 20.95531 20.88249 20.83382 20.96688 21.05968 20.79424 20.84778 20.70624 21.03645 22.06385 22.25367 22.47126 22.34079 23.1741 24.59928 24.75638 24.99347 26.37488 29.21036 29.42432 27.51936 27.51509 27.50139 30.85998 29.7788 29.7721 31.34988 32.03726 32.14446 31.86253 31.58517 31.35503 31.17234 31.28458 31.21549 31.33323 31.97444 32.67054 33.39038 34.12996 34.91058 35.73546
17.55586 17.75052 17.40311 16.92208 16.7581 16.59161 16.65356 16.66825 16.9072 17.11337 17.45509 17.51943 17.70622 17.87361 17.81915 17.95152 18.5495 19.12965 18.87885 18.69131 18.84353 19.91719 20.97073 20.85137 20.81361 20.86601 21.2809 21.17297 21.06578 20.82349 21.09692 22.11318 22.39689 22.72762 22.37839 23.33625 24.61422 24.68102 24.66639 26.23126 26.92837 29.79253 30.06535 27.55121 27.52158 29.70183 29.80144 29.75547 32.25068 32.37085 32.47085 32.13588 31.81469 31.53823 31.59776 31.43491 31.35888 31.49807 31.98914 32.59491 33.23851 33.91714 34.61037 35.25975
17.83717 17.76875 17.56112 16.96608 16.69514 16.73821 16.78758 16.85462 17.13691 17.31698 17.6706 17.75995 18.0803 18.20061 18.26485 18.18638 18.47941 19.40743 18.84829 18.59476 18.80533 19.97367 21.17765 20.98866 20.61415 20.72238 21.19352 21.60024 21.33431 21.10663 21.27711 22.52814 22.73456 22.88488 22.56886 23.52953 24.6464 24.94294 24.71985 29.27769 26.37422 27.42443 27.52656 27.48241 27.43139 29.54065 29.78541 29.80874 29.86491 30.42727 32.55582 32.16658 31.88487 31.61457 31.70392 31.55464 31.51726 31.65576 31.9936 32.45863 32.99657 33.56581 34.11715 34.56625
17.90787 17.80484 17.51916 17.0361 17.12539 17.1108 16.93641 17.10986 17.37928 17.22189 17.54349 18.04941 17.85141 17.95982 18.37503 18.58427 18.71264 19.43066 18.80972 18.88782 18.96423 20.29456 21.61013 21.11162 21.01303 21.30377 21.87057 22.16967 22.05258 22.02499 22.0997 23.81503 24.05431 24.1236 23.88005 24.80864 26.03203 26.02148 25.97013 29.22445 27.3618 28.33037 28.2536 28.17205 31.47691 29.3114 29.55465 29.6452 29.68964 30.01393 31.64166 31.60201 31.55587 31.51618 31.71234 31.57592 31.54418 31.64334 31.88417 32.24391 32.67239 33.12397 33.542 33.85352
17.65853 17.62711 17.54301 17.16359 17.25227 17.38974 17.15811 17.13813 17.21078 17.07826 17.41938 17.60123 17.48246 17.79954 17.80487 18.1631 18.72977 19.69247 19.46718 19.34144 19.16129 21.17027 22.94375 22.30417 22.33687 22.71059 22.88402 23.23464 23.31691 23.30662 23.42564 25.27139 25.50524 25.41385 27.91164 25.96667 27.10022 26.94065 26.9307 26.94021 28.00511 30.52859 30.63322 30.10762 30.06734 29.87279 29.50101 29.59528 29.59982 29.84828 31.52032 31.48832 31.36106 32.38218 31.60163 31.46516 31.41803 31.48328 31.66244 31.93694 32.26942 32.61801 32.93293 33.07184
17.68176 17.50191 17.28938 17.08475 17.35767 17.4901 17.43622 17.24075 17.33307 17.40115 17.64075 17.26261 17.2226 17.64064 17.47413 17.88432 18.03605 19.50859 19.36122 19.80782 19.96871 21.71793 22.8943 22.50421 22.56035 22.66315 22.90021 23.18031 23.50996 23.63209 23.71696 26.28853 27.75207 27.24024 25.63475 26.07253 27.28486 27.16253 27.13392 27.17734 27.98647 28.73278 31.22813 31.5009 29.5371 29.39364 29.55744 29.52068 29.50659 29.75668 32.07283 31.38357 31.33925 31.25293 31.37155 31.23362 31.17352 31.20433 31.3309 31.53555 31.67993 31.9621 32.21186 32.39325
17.59829 17.44887 17.33552 17.19925 17.44745 17.54379 17.66772 17.31267 17.24373 17.57662 17.25083 16.99171 17.12278 17.38305 17.3174 17.63002 18.26745 18.95103 18.96185 19.16912 19.38951 21.24573 23.62146 23.2286 22.89568 22.74669 22.89417 23.32343 23.42415 23.63199 23.74418 27.19391 27.54398 25.77618 25.75285 26.14586 27.36765 27.33543 27.28329 27.16944 28.06519 28.86873 28.85789 30.63675 28.64532 29.44861 31.62474 29.49964 29.4967 29.67945 31.92645 31.29145 31.27536 31.1481 31.72381 30.91282 30.83007 30.82443 30.77104 30.92922 31.13461 31.35532 31.5613 31.71303
17.72968 17.53353 17.54932 17.37187 17.27606 17.37618 17.63697 17.37506 17.28679 17.39812 16.90068 16.88489 17.04813 17.18242 17.38114 17.74101 18.33364 18.82365 22.52625 22.47481 19.36696 20.66926 23.4527 23.62055 23.11118 22.87306 23.07355 23.36138 23.38005 23.44524 23.50965 25.07296 25.38555 25.8534 26.02281 26.2746 27.45874 27.48103 27.38531 30.8306 28.14759 29.00623 28.94413 28.86333 28.71974 29.41687 29.58751 29.53906 29.52682 29.57141 30.86065 30.814 30.85465 30.68232 31.01181 30.92012 30.23725 30.20552 30.25204 30.36315 30.5208 30.69777 30.87312 31.01851
17.61279 17.66526 17.68894 17.2823 17.23919 17.328 17.44361 17.52459 17.51619 17.28018 16.89136 16.98286 17.1774 17.23786 17.3692 17.63269 18.27367 19.25034 19.22626 19.37 19.75175 21.13839 23.0425 23.49848 24.76034 23.3792 24.05357 24.69695 24.33662 24.64627 24.44269 25.86803 26.41052 26.67939 26.95194 27.34484 28.70252 28.65897 28.62138 28.58451 29.02024 29.47635 29.37172 29.23728 29.08574 29.59895 29.74088 29.66818 29.64869 29.49748 29.72814 29.76368 29.79865 29.64916 29.62293 30.43232 29.72062 29.64599 29.64931 29.72126 29.84211 29.98661 30.13977 30.28725
17.62546 17.76549 17.56221 17.08585 17.19361 17.23706 17.51437 17.56855 17.4917 17.34826 17.16936 17.21691 17.41257 17.53885 17.56545 17.88047 18.3064 19.7109 19.67586 20.03803 20.35229 20.78245 22.05839 22.46955 22.9526 23.67105 24.96348 25.70502 25.36541 25.28732 25.03177 26.46266 27.00939 27.15533 27.20028 27.46141 28.8771 28.85968 28.81626 28.74596 29.09838 29.53107 29.34444 29.17013 29.05405 29.644 29.7375 29.66315 29.63288 29.37681 29.60642 29.68379 29.70898 29.5976 29.622 29.91209 29.67168 29.24875 29.03723 29.02158 29.11654 29.22989 29.44075 29.4978
17.92102 17.43868 17.59818 17.14565 17.25359 17.45263 17.74308 17.42222 17.29229 17.38101 17.27798 17.23673 17.54166 17.59952 17.65578 17.99524 18.08512 19.80404 19.7041 20.00481 20.3258 20.44195 21.97913 22.16376 22.43142 23.189 25.87121 26.23444 25.85699 25.16569 25.25683 26.61312 27.0338 27.18544 27.30783 27.50802 28.97082 28.9376 28.89059 28.80923 29.10835 29.44505 29.2927 31.8839 29.0593 29.60854 29.66639 29.5839 29.60649 29.52081 29.64193 29.67736 29.57996 29.52567 29.48335 29.35225 29.04625 28.80827 28.2482 28.28811 28.46147 28.80685 28.76968 28.67323
17.75793 17.4685 17.32196 17.32246 17.41401 17.72618 17.51052 17.34979 17.12568 17.34266 17.39512 17.35818 17.51358 17.59798 17.66061 17.93114 17.88588 19.71806 19.69647 19.87212 20.19397 20.42815 21.85234 22.03479 22.26221 22.67891 25.01639 26.62441 26.30328 25.16492 25.23824 26.49076 27.21755 27.48509 27.44328 27.55988 29.11489 29.05721 28.95696 28.85767 29.0221 29.40182 29.32141 29.26046 29.09896 31.5764 29.72328 29.50457 29.53673 29.49833 30.81619 29.52546 29.33519 29.27299 29.17351 28.78888 28.4208 28.07848 27.50454 27.56038 27.61716 27.7352 28.09458 27.91037
17.6423 17.56861 17.37452 17.1907 17.28696 17.55374 17.57624 17.21513 17.09155 17.31963 17.3019 17.34012 17.55816 17.69725 17.81023 17.89411 17.82918 19.61027 19.68262 19.8898 20.09473 20.60676 22.04475 22.2883 22.35509 22.74247 24.12142 26.30232 27.15435 25.47583 25.82137 27.35616 27.75838 27.73396 29.05977 30.3816 29.51098 29.44085 29.33101 29.2166 29.23422 29.50459 29.4003 29.2979 29.08284 29.51106 29.73711 29.45796 29.38361 30.28797 30.98701 29.67259 28.75841 28.54996 28.42085 28.24911 27.86575 27.15915 26.75513 26.82853 26.90489 26.90197 27.13773 27.19472
17.44014 17.42537 17.31222 16.93677 17.29291 17.61259 17.53981 17.28814 17.17072 17.40819 17.53439 17.54965 18.10945 18.45576 18.73181 18.86061 18.72856 20.30568 20.48524 20.6907 20.98183 21.67737 23.30929 23.59095 23.4439 23.57917 25.0307 27.21602 28.03206 28.10865 28.22078 28.92615 29.0584 28.94271 29.91241 30.94056 31.09751 30.92416 31.26072 30.62956 30.19267 29.60036 29.40035 29.4179 29.17898 29.43896 29.70421 29.54851 29.39641 30.74155 30.40366 29.742 28.46795 28.23359 27.95725 27.68548 26.91861 25.90759 25.4783 25.80469 26.23283 26.18461 26.4838 26.257
18.02702 18.01697 17.98584 16.94743 17.08055 17.78361 17.7346 17.57319 17.35866 17.56481 17.64916 17.87321 18.78195 19.34749 22.03314 19.50927 19.44909 20.80832 21.04935 21.27183 21.46104 22.18229 23.87509 24.06398 23.9336 23.99498 25.43203 27.29359 28.31847 28.59445 28.61512 29.18644 29.25353 29.08115 28.95196 28.88558 31.05978 30.87695 31.05934 31.14637 30.12301 29.49152 29.40629 29.41077 29.18229 29.93282 29.58983 29.55048 29.31268 29.3692 29.44991 28.49947 28.37912 28.00268 27.59904 27.22137 26.8821 26.29327 25.65802 26.20181 25.59726 25.47974 25.21648 25.07234
17.98007 17.92361 17.76653 16.82547 16.93201 17.27124 17.68992 17.62476 17.33901 17.48633 17.56067 17.66607 18.79561 19.59515 23.04001 19.68583 19.61881 20.93927 24.44361 21.16626 21.57215 22.15252 23.88778 24.03218 24.1302 24.30377 26.00254 27.80385 28.42842 28.89602 29.03563 29.3083 29.35861 29.17705 29.00917 28.83323 30.49361 30.85851 30.67789 30.82344 30.22792 29.56347 29.48255 29.34035 30.03156 29.97839 29.43805 29.37405 29.28142 29.18803 28.60566 28.22243 27.82902 27.4333 27.06438 26.70649 26.38273 26.10135 25.86328 25.66439 25.15401 24.58907 24.59971 24.94993
18.17389 18.04555 17.97421 16.72182 16.73704 16.99912 17.43554 17.37989 17.25639 17.37367 17.48375 17.5978 18.61607 19.44228 19.44228 19.81639 19.81508 20.92349 21.24744 21.20072 21.63934 22.3035 24.00842 24.08969 24.44804 24.74092 26.25206 27.95977 28.35352 28.86092 28.85138 29.20688 29.28463 29.6634 28.93407 28.75169 30.23792 30.54588 30.59096 30.54362 30.29539 29.57035 29.41641 29.2978 28.96416 28.78419 29.11544 29.07695 28.72374 28.36192 27.99445 27.61523 27.31407 26.87083 26.50919 25.95968 25.87494 25.59853 25.35401 24.89104 24.70081 24.51963 24.27027 23.92349
18.14954 17.96749 18.29405 16.78277 16.69303 16.922 16.94734 17.33979 17.0528 17.25646 17.3699 17.44326 18.31158 19.27702 19.72737 19.8865 20.1681 21.17248 21.35546 21.52465 21.82217 22.43673 24.00357 24.52316 25.04694 25.36878 26.37784 27.93886 28.1722 28.61485 28.72593 29.12823 29.31313 29.04447 28.89232 28.80027 29.97564 29.93388 29.95319 30.08997 30.02645 29.86059 28.79683 28.57875 28.27001 28.76133 28.50322 28.45753 28.09943 27.73581 27.36947 26.85094 26.64762 26.5253 25.96687 24.47679 24.44983 24.26057 24.53645 23.99856 23.26843 23.75686 22.57223 22.10551
19.92805 19.62494 19.53434 18.19619 18.10659 18.07107 18.15419 18.62952 18.42198 18.67617 19.07693 19.07462 19.8449 20.79272 21.3215 21.70741 22.17897 24.36105 24.79888 24.97099 25.42787 26.45987 26.8139 27.07797 27.52672 27.65195 27.99759 28.21476 28.10948 28.45049 29.18737 29.30956 29.33384 29.1629 28.90829 28.82281 29.19674 29.13791 29.52376 29.7599 29.58525 29.37278 28.42397 27.91089 27.63281 28.15384 28.1897 27.83327 27.46949 27.10304 26.73989 26.16928 26.04952 25.81355 25.42058 24.77275 24.3048 24.1912 24.14282 23.88698 23.10833 22.54943 21.32093 21.66526
21.78997 21.50215 21.14832 19.28178 19.03285 19.17437 19.04049 19.08865 18.80604 19.16096 19.48425 19.95656 20.4462 21.15779 21.3628 21.64151 21.89244 24.22758 25.45832 26.16609 25.68926 25.73725 27.09195 27.33506 27.41507 27.38474 28.15373 28.05814 28.20214 28.80767 28.88558 28.95547 29.13276 29.03408 28.75027 28.65428 28.9577 28.90522 29.13805 29.05405 29.1488 28.88977 28.54054 27.61739 27.26365 27.51691 27.57915 27.21444 26.84299 26.47016 26.10854 25.72207 25.45053 25.15662 24.87803 24.49788 24.24402 24.0729 23.59471 23.34612 22.75013 22.11471 20.96292 21.9323
21.93817 21.83258 21.68889 19.89294 19.59993 19.58037 19.42235 19.41242 19.014 19.39826 19.58184 20.07437 21.03653 21.50887 21.53049 21.8359 22.08434 24.28463 25.23966 25.66071 25.65569 25.76783 27.29109 27.32701 27.34903 27.87959 27.57898 28.11978 28.22529 28.65292 28.80416 28.87534 28.97095 28.87522 28.74382 28.50079 29.24051 29.01056 28.90868 28.66505 28.44163 28.49112 28.15523 27.73907 27.39257 27.34509 26.98592 26.68018 26.40034 25.84485 25.47576 24.90728 24.8518 24.87697 24.32336 24.32448 24.02794 23.74983 23.3611 22.87601 22.3996 20.84238 20.69517 22.07274
22.33789 22.08993 24.73146 24.8313 20.04504 19.85868 19.75442 19.54984 19.01203 19.32125 19.80493 20.18191 21.20879 21.3061 21.84218 22.13951 22.53775 24.53446 25.50721 25.73322 25.79707 25.80604 27.30989 27.20797 27.22378 27.37181 27.67118 28.21634 28.28672 28.60083 28.69085 28.78624 28.68977 28.70942 28.55914 28.37045 28.73849 28.9409 28.35089 27.92957 28.11091 28.24112 27.62945 27.49189 26.83571 26.7832 26.42395 26.1286 25.96629 25.29871 24.84902 24.52302 24.28318 24.20782 23.8094 23.65396 23.38218 23.5416 23.27954 22.53127 21.27438 20.08247 19.11912 20.54038
22.00068 22.05709 25.11829 25.44542 20.13513 19.92429 19.45762 19.2261 19.06481 19.84703 20.40239 21.0452 21.93749 22.70737 23.32486 23.44582 23.58491 25.51823 26.52737 26.74907 27.26202 27.375 27.98163 28.03428 28.05532 28.11504 28.16497 28.024 28.10101 28.31252 28.47988 28.49261 28.67162 28.64911 28.55585 28.37766 28.18636 28.0316 27.36673 27.22685 27.28014 27.06295 26.79271 26.69454 26.0927 25.39329 24.59966 25.06199 24.93477 24.51922 23.30548 23.38327 23.70835 23.48684 23.43886 22.43144 22.59895 21.91274 21.8689 21.40419 19.87507 18.25773 18.3844 19.56618
22.843 22.86316 23.04705 23.06059 23.25647 22.84113 22.75925 22.61838 24.55025 25.01955 25.14931 25.71047 25.73979 25.74562 25.87231 25.99068 26.13822 26.7969 27.15188 27.26414 27.6435 28.07898 28.30017 29.0374 29.09389 29.03595 28.75366 27.83387 27.92538 28.12433 28.18948 28.33526 28.60147 28.60993 28.52155 28.34956 27.91804 27.40193 26.89645 27.15273 27.46206 26.92578 26.59488 26.47374 26.40368 25.79433 25.07375 24.81588 24.63311 23.91481 23.36383 23.40196 23.23494 23.07062 23.08134 22.44371 22.24429 21.72609 21.65665 21.53043 21.04485 21.22404 21.25926 20.98407
23.11131 23.22471 23.31307 23.39571 23.4696 23.79171 23.81874 23.73347 25.20358 25.20277 25.26252 25.40629 25.87006 25.83847 25.76531 25.98549 26.1217 27.19009 27.55906 27.75378 27.86983 28.33829 29.07094 28.7776 29.01498 29.07548 28.92388 27.90715 27.98207 28.15874 28.29307 28.27625 28.51342 28.57461 28.48469 28.29868 27.7203 26.79538 27.07032 28.59092 28.15479 27.56432 27.05341 26.50571 26.37298 25.97794 25.09827 24.79416 24.32101 23.88913 23.46987 22.96471 22.64437 22.44642 22.51864 22.1082 21.79078 21.60258 21.33684 21.06799 20.06769 19.8313 19.70496 19.72386
23.18151 23.2556 23.33605 23.41394 23.52076 23.6589 26.8598 24.36809 25.4025 25.33643 25.37943 25.42613 25.52444 25.9128 25.93305 26.10863 26.23254 27.64668 27.82503 27.73013 27.9944 28.73577 28.80674 29.32149 29.12608 29.26506 29.22453 28.19974 28.20638 28.32904 28.88147 29.0439 28.51932 28.55537 28.40752 28.20599 27.78039 27.20421 27.08829 27.4536 27.3623 27.27903 27.00089 26.44138 26.26157 25.7557 24.82018 24.50776 24.05037 23.63455 23.18974 21.5377 21.72449 22.13133 22.35939 21.99479 21.51167 21.22249 20.95473 20.67572 19.55342 19.40792 19.24101 19.3385
23.2571 23.33594 23.25958 23.51916 23.56266 24.00378 24.13356 24.23716 25.30576 26.43706 25.98228 25.47466 25.5554 25.60501 26.09314 26.18994 26.21522 27.66391 27.53783 27.8068 28.50785 29.00961 29.0911 29.19756 29.27904 29.23855 29.18856 28.28728 28.31867 28.35586 28.89972 29.06437 28.55212 28.50712 28.42629 28.13655 27.69696 27.58061 27.81681 27.51674 27.08179 26.35907 26.15442 25.87149 25.51904 24.83522 23.44378 23.20202 22.69689 21.88875 22.0223 20.59317 20.70705 21.47458 21.58904 20.85115 20.25114 20.58945 20.48065 19.05092 17.74296 16.841 16.65407 16.51462
23.42168 27.61977 23.69939 23.99146 27.81086 24.51686 24.56636 24.75647 25.59509 27.54851 27.46625 26.7557 25.84485 25.54454 25.79949 25.94442 25.61622 26.12283 27.04488 27.16445 27.41663 27.60278 27.66802 29.22486 27.82776 27.77961 27.69991 27.45562 27.40118 27.53815 27.5575 28.01406 28.67329 28.65069 28.62351 30.0267 28.67142 29.28358 29.16734 28.63924 28.34313 25.3263 24.56671 23.89994 23.61489 22.90367 21.89704 21.75416 21.64897 21.24345 20.60085 20.24698 19.50537 19.97333 20.87016 19.72023 19.07298 18.7943 18.40649 16.86 15.53695 15.79692 14.6406 15.16359
