data/bottom_up_emissions/asc/CHMI_RIMM_CZ_PM10_ALL_EPSG28403_2017_MAP-FILE2019-09-16b6fc2e-817.asc
ncols         487
nrows         279
xllcorner     3292639.6108284
yllcorner     5380140.0574971
cellsize      1000
NODATA_value  -9999
[rows 168 to 195 of 279, columns 384 to 447 of 487]
26.38896 26.32607 26.44688 26.02497 25.97523 26.11742 27.98164 26.33516 26.32268 27.31726 27.20321 26.40969 27.00115 24.78498 24.41804 25.22292 24.81389 25.26032 26.0467 26.0689 26.29564 26.53655 26.74044 29.13251 26.95463 28.94985 27.01761 26.87166 26.89526 26.92456 27.01844 27.74693 28.60289 28.5833 28.55704 28.50805 29.05233 29.29411 28.87802 28.77384 28.5588 24.98769 24.30799 24.24021 24.37032 23.61241 22.53681 22.53971 22.19646 21.65893 20.83623 20.77988 19.69155 20.10641 20.71702 19.15821 17.91786 17.65512 17.72153 16.69317 14.97302 15.79892 14.37376 13.73416
26.24965 26.38264 28.35608 26.16349 26.0479 27.83024 26.26335 26.34159 26.30602 26.36602 26.37807 26.24446 25.68549 24.61127 24.35152 24.39588 24.87056 25.57425 26.25035 28.74071 26.36983 28.51484 26.54907 26.74484 26.69261 26.84431 26.8095 26.73267 26.60277 26.6884 26.8787 27.34132 28.2538 29.43273 28.45503 28.44353 29.05088 29.34318 29.79758 28.80694 28.71198 25.33666 24.93422 24.60141 24.54911 23.71575 22.69782 22.80604 22.5301 21.68291 21.51834 20.29484 20.6048 20.79072 19.88685 17.47428 16.08433 16.41138 16.80508 16.04829 14.75896 14.69274 13.73033 14.38462
26.23399 26.4263 26.65027 26.29229 26.10548 26.1691 26.22977 26.30242 26.24962 26.02496 25.77243 25.61199 25.41159 24.55057 24.4665 24.59402 25.17116 25.73833 26.21374 28.75025 26.44964 28.66563 26.36899 26.62359 26.46247 26.57697 26.55965 26.63011 26.64643 26.72764 28.59306 27.38235 28.34089 28.21477 27.99262 28.12267 28.89013 30.33017 29.94193 29.50074 28.82431 25.76549 25.16165 26.07758 24.78467 24.23288 24.25698 23.73218 23.16283 22.213 21.86747 21.02633 21.26524 20.75099 19.53035 17.93574 17.11023 16.298 15.78397 15.98575 15.97531 15.70914 14.03079 14.38716
26.32397 26.49681 26.68909 28.05122 26.07521 26.12903 26.16976 26.16248 25.89997 25.69397 25.64137 25.57284 25.40277 24.64694 24.81286 24.91285 24.77807 25.75043 26.24442 26.22988 26.29773 26.30066 26.3373 26.50752 26.33806 26.2398 26.31737 28.36498 26.65309 26.63693 26.6734 27.12658 27.58313 27.49464 27.28931 27.3147 28.01223 29.33898 30.44234 29.07526 28.78582 25.6422 25.05538 25.03572 24.50766 24.21185 24.18422 23.51359 23.13817 22.78185 22.36534 21.73077 21.79298 21.192 19.57156 19.19012 18.62734 17.84274 17.20687 16.86631 16.62718 16.0192 14.60423 15.16207
28.58044 27.71456 27.87451 27.02675 29.4074 28.49812 26.47966 26.39311 25.34111 25.14222 25.21128 24.98094 24.91219 24.70717 24.90219 27.08893 25.06181 25.06559 25.34392 25.55311 25.60611 25.49168 25.26792 24.97183 24.91006 24.99568 28.1695 28.37171 25.83113 25.75615 25.75915 25.82972 26.05857 25.90084 26.06002 26.0325 29.93509 30.97848 30.67208 29.79731 28.77413 25.362 24.82413 25.47723 24.46557 24.27146 24.04039 23.55726 23.37559 23.17299 22.75191 22.12352 21.97151 21.7232 20.28502 19.73216 18.64877 18.30852 17.81709 17.66692 16.91234 16.57351 15.32091 14.75954
29.73082 29.58897 29.61776 28.0446 26.74905 29.42809 26.76306 26.64937 29.48258 24.98827 25.05836 24.81696 24.84506 24.5717 24.81177 24.8687 24.78717 24.68958 25.31808 25.39725 25.43909 25.41612 25.14154 28.29061 24.81573 25.02406 25.11023 25.62063 25.58819 25.49876 25.30385 25.4009 29.0645 29.29288 26.30655 26.3615 29.55439 27.46276 30.37688 29.57497 28.14415 25.08574 26.70618 24.61652 24.9173 24.44173 23.80935 23.66231 23.45011 23.28875 22.87375 22.14768 21.76408 21.46722 21.51 20.24379 19.37619 18.67277 18.55901 18.46279 17.485 16.93817 16.30158 15.51938
29.97739 29.60966 29.58556 29.71283 26.6765 26.61337 26.53961 26.45865 25.20533 25.12738 25.18672 24.85103 24.93425 24.67588 24.79416 24.74803 24.77499 24.78448 24.78012 25.31369 25.35339 25.29897 24.7451 27.73933 24.88963 24.88591 24.78732 25.23064 25.23321 25.34299 25.1709 28.04012 26.13413 28.95529 25.96533 25.91569 26.3916 30.47067 28.61287 27.92987 28.20214 24.46754 23.89263 23.74623 24.12516 24.11536 23.442 23.14471 22.78868 22.81395 22.64891 21.92108 21.91041 21.63222 21.39112 20.46546 19.70662 19.16898 18.67096 18.71088 17.47903 16.61971 16.45408 16.04341
30.15269 30.18417 30.14863 28.0173 26.56651 26.48854 26.33214 26.31323 25.24306 25.13122 24.88205 24.84128 25.01547 24.63676 24.74505 24.76855 24.72715 24.7384 24.64605 25.10278 25.09407 25.05072 24.66213 24.56992 24.66483 24.55929 24.47511 24.85952 25.07567 25.13452 25.27071 25.50037 25.76025 25.38889 25.1996 25.0258 25.54941 26.53042 28.86459 28.1338 26.14526 23.88739 22.91941 23.05594 23.54038 23.75323 23.25574 23.29987 23.01907 22.78607 22.42397 21.38389 21.54236 21.48776 21.28247 20.28894 19.41591 19.53255 19.35905 19.1225 17.96389 17.73567 16.55949 16.68745
30.25143 30.28146 30.23738 27.99073 29.99958 30.07478 26.32825 26.31229 25.42504 25.08167 24.71798 24.81325 24.97544 24.64695 24.62784 24.59144 24.54951 24.46554 24.31371 24.27768 24.80683 24.68913 24.19863 24.12566 24.02287 23.89097 23.91831 26.45414 26.68761 24.13052 24.12786 24.20558 24.29562 24.16324 24.31419 24.19014 24.73108 25.53227 28.29825 24.81478 24.42655 22.53921 21.85265 22.09636 21.81821 21.85089 21.15933 21.30349 21.09728 20.89279 20.25416 19.56978 19.73952 19.68568 19.49483 19.25262 19.03359 18.95352 18.61653 18.43167 17.92759 17.84459 17.7503 17.31685
29.08963 28.21455 29.82304 26.41821 25.47401 25.43184 25.33481 25.30032 24.97179 24.78296 24.54639 24.5916 24.75917 24.32849 24.25039 24.32294 24.30133 24.00673 23.04925 23.02427 23.03291 23.53571 23.03416 22.84344 22.92325 22.91268 22.84382 22.59467 22.17435 22.51706 22.48033 22.70736 23.27917 23.39868 23.75716 23.87909 24.07105 24.99277 24.49858 24.14116 23.86612 22.54386 22.38894 21.87208 21.66835 21.80941 21.37494 21.08381 20.83405 20.5345 19.91929 18.98814 18.86707 18.7367 18.66472 18.68739 18.71213 18.39478 17.91911 17.64492 17.43089 17.42458 17.44542 17.36068
29.67729 29.52488 29.96714 25.71869 25.15836 25.18524 25.22296 29.74644 24.94228 24.61606 28.12962 27.88607 24.5918 24.23077 24.13551 24.1531 24.21193 23.8858 22.87489 22.82139 27.23693 23.29434 22.794 22.43552 22.64012 22.7328 22.54178 21.99002 21.93848 21.80021 21.84919 22.05134 23.09205 23.279 23.74883 23.78154 24.4134 25.01674 24.93772 24.69161 24.64116 23.26201 22.02355 22.00315 22.03096 21.66296 21.12105 20.81826 21.37601 20.54166 20.1057 18.87866 18.56254 18.31589 18.27474 18.4232 17.88069 18.34205 17.50006 17.20387 16.6578 16.5368 16.89795 16.61651
26.52154 28.96748 26.20523 25.88175 29.50901 24.86896 24.99348 29.59794 24.88345 24.43235 28.74116 28.26636 24.46539 24.03145 24.05099 23.98226 23.93637 23.65653 22.72221 22.71568 22.63093 22.47239 22.41381 21.85561 22.10363 22.28748 22.00177 22.37349 21.84439 21.36578 21.34995 21.73429 23.31281 23.57646 23.84517 23.93974 24.26099 24.88499 24.36843 25.92948 23.98132 22.46568 21.37266 21.10419 21.90033 21.23429 20.57687 20.60662 20.24995 20.52958 20.25469 19.3546 18.55139 17.79865 17.84428 18.20009 17.35235 17.96472 17.68114 17.36571 16.57907 16.31697 16.20006 16.13959
26.47483 27.69431 29.49961 25.79787 24.81656 24.65777 24.73275 24.89135 24.48391 24.38237 24.22793 24.28954 24.40669 28.02097 27.59763 26.71265 25.85963 27.23199 25.89304 22.53245 22.38527 22.03691 21.14517 20.71581 20.69714 21.32909 21.73229 22.17175 21.96361 21.81678 21.37668 21.64286 22.90651 23.26458 23.16801 23.21574 23.75216 24.73238 23.99148 24.13931 24.07022 22.51707 21.15101 20.95026 21.62545 21.08179 19.8728 20.10664 19.62496 19.86271 19.24827 18.93537 18.74707 18.07879 17.40223 17.331 16.71438 17.02557 16.79363 16.56912 16.64529 16.50986 16.28102 16.18032
26.44904 26.44183 26.30136 25.61336 24.58394 24.4374 24.55867 24.72936 24.20258 24.09002 24.16405 23.99553 23.95302 23.37382 23.33211 26.91356 27.21677 26.86198 26.506 24.96194 20.91369 20.03438 18.84892 17.97769 19.08881 20.23882 20.4856 20.97006 20.71323 20.24457 20.41049 21.04838 22.62258 22.8585 22.68096 23.05288 24.7389 24.74209 24.14478 23.67794 23.74412 22.29012 20.87475 20.14246 20.54616 20.63991 19.09695 18.4904 18.55539 18.52347 18.65914 18.3424 17.7449 17.58868 16.86307 16.98685 16.84826 16.55248 16.53092 16.91361 16.81594 16.83453 16.47456 16.60624
25.41851 25.34926 25.16814 24.57119 24.00434 24.02534 24.10674 24.1578 23.58291 23.47883 23.75126 23.60926 23.49872 22.1656 22.14828 22.11548 26.33593 25.56771 24.90623 25.07214 19.48996 18.553 18.35665 17.51687 18.67073 19.09434 19.04259 20.30733 20.24114 19.96168 19.95737 20.44088 24.03266 24.14083 22.97252 22.96268 24.28202 24.42214 24.67867 23.17107 23.03878 21.71382 20.5857 20.15666 19.931 20.05227 19.16218 18.45874 18.14148 18.28852 18.28687 17.57869 17.29621 17.50387 17.55729 17.44675 17.46887 16.97807 17.30425 17.12438 17.11419 16.8705 16.59043 16.80171
29.28297 25.26475 25.14653 28.7519 23.86735 29.10192 23.92698 23.76905 23.53325 23.41238 27.81734 23.60825 23.56001 22.28683 22.09078 21.84182 26.08832 25.96842 19.08669 18.43833 19.51494 19.33036 18.32582 17.21812 17.15557 18.08944 19.0109 20.03143 19.90962 19.73795 20.23806 20.52601 22.73234 23.15485 23.81534 23.16667 23.75495 24.26813 23.74152 23.55957 23.02997 21.70412 20.90661 20.35187 20.41018 20.18011 19.24853 18.3702 18.80833 18.31137 17.97773 18.26174 18.2309 18.39055 18.07892 17.91407 17.62311 17.29878 17.61157 17.12931 17.33809 17.34444 17.29164 17.55697
25.28181 25.23684 25.15956 24.87271 24.14338 27.52296 24.23225 28.33533 23.77277 23.40224 26.88061 23.58717 23.55033 22.20881 21.99701 21.95793 21.79111 21.23596 18.96098 18.54583 18.87155 19.10011 18.81474 17.81981 17.52527 17.96738 18.33358 19.83707 19.55922 19.96452 20.31411 20.43173 22.68259 23.36966 23.47273 23.30511 23.38404 24.30159 24.17422 23.81589 23.35534 22.48031 20.80767 20.27961 20.93001 20.4643 19.35085 18.50432 19.01991 18.99862 18.82249 18.83553 18.59512 18.0603 18.46954 18.43449 17.59061 18.19781 17.993 17.82034 17.75588 17.39889 17.0515 16.53018
29.00887 25.22157 25.19041 24.98943 28.7417 24.32981 24.33162 28.14337 23.7791 23.39481 23.45728 23.28781 23.17889 22.19038 21.94316 25.73878 25.89793 21.02496 18.771 18.63987 18.42092 18.48289 18.23544 17.44486 17.45302 17.85264 18.2324 19.63259 19.76526 20.35143 20.53683 22.04189 22.92612 22.84016 22.64134 22.6373 22.6713 23.99934 24.10603 23.71315 23.61838 23.35979 20.68381 20.6897 21.26566 20.85724 20.12611 19.4621 19.49455 19.54551 18.75122 18.5001 18.82668 18.16245 18.29454 18.60405 17.88543 18.18786 17.99111 17.91436 16.66371 16.05156 16.08662 15.52316
25.25256 25.23945 25.23966 25.11139 24.58682 24.58234 24.39881 24.41768 24.05017 23.67423 23.6483 23.40009 23.52156 26.66568 21.27703 20.98145 20.32562 20.75073 18.98261 18.9712 18.34695 18.20468 17.84061 17.98652 18.17761 18.20057 18.64821 19.24807 20.7122 20.98519 22.18957 22.60758 21.64769 21.67021 21.81243 21.59625 21.74118 23.61299 23.49659 24.38536 23.83047 23.47212 22.99808 22.5019 21.8497 21.50673 20.12086 19.3454 19.584 19.87058 19.03367 18.73116 19.21314 18.93841 19.15391 19.04115 18.55321 17.46668 17.50947 17.31263 16.21997 15.60284 15.55769 15.15685
27.6013 25.32889 25.33391 25.26725 24.94587 24.96372 24.75219 24.76914 24.43533 23.99911 27.47849 23.77014 23.87606 21.64674 20.47683 19.96209 19.60382 20.2126 19.24132 18.63496 18.7129 18.56032 18.32648 18.69689 18.72601 18.7785 19.08269 19.46771 19.65356 20.3075 20.21104 20.84129 21.7116 21.13624 20.9975 21.33893 22.18094 23.27312 23.28301 23.67728 24.23936 23.44187 22.88845 22.20199 21.31871 20.76252 20.1123 19.43162 19.13803 19.79589 19.698 19.23312 19.33091 19.56189 19.40022 18.85718 17.53197 16.97136 16.99563 17.28143 16.72538 16.14705 15.23607 14.83386
25.32861 25.31135 25.31533 25.26326 24.93773 24.74109 28.40042 28.32533 27.87716 24.10721 27.48388 26.05844 23.7575 21.56762 20.11181 19.57128 19.6719 19.64459 18.95629 19.03684 18.89201 18.63476 18.36849 18.55477 18.96391 18.95705 19.21578 19.33175 19.22588 19.73801 20.16656 20.22178 21.53529 21.50168 21.34863 21.87553 22.04523 23.08987 23.04198 23.0797 23.22754 23.36693 21.52788 21.27079 20.92987 21.10233 20.48226 19.8273 19.46194 19.61447 19.95167 19.74155 19.7524 19.3932 18.84667 18.38214 17.90964 17.61029 16.99066 17.02442 15.91358 16.00197 15.70816 15.32859
25.31305 25.29868 25.29475 25.25394 28.52881 24.74183 24.74203 24.73113 26.56087 27.83158 27.491 27.09519 26.41552 25.57545 20.03164 20.02862 20.18343 19.71681 18.62339 18.23732 18.30842 18.16315 18.47742 18.28533 18.69354 19.10225 19.09848 19.28692 19.0361 18.88248 20.05488 20.23402 21.29852 21.33019 21.26225 21.53427 21.5924 22.90468 22.91439 22.9807 22.68348 23.31879 21.89193 21.51203 21.35226 21.39161 21.05071 19.99079 20.01039 20.34709 20.32434 19.92402 19.67359 18.84584 19.06397 18.43169 17.41016 17.231 16.94804 16.55531 16.03368 15.41877 14.9415 14.37389
25.30009 28.17299 25.43325 25.85837 24.92508 24.72258 24.71514 24.69954 28.1145 26.66195 26.42653 23.85892 26.68008 25.1386 20.65573 20.41189 20.26327 20.22933 18.89952 18.67171 18.75746 18.83016 19.01847 19.24681 19.23378 19.5053 18.95433 19.29064 19.67074 20.00991 20.26608 21.03235 21.54027 21.24889 21.29935 21.34968 21.74882 22.72734 22.69747 22.5297 22.3843 23.03684 22.3376 22.35162 22.29721 22.20331 21.48651 20.91618 20.82944 20.70485 20.46917 19.08283 18.45146 18.34431 18.05608 17.5446 16.73864 16.21818 16.29094 15.79546 15.06391 14.91785 -9999 -9999
25.13886 27.95801 28.53829 28.56967 25.16817 25.18593 25.20079 25.21603 24.90225 24.30634 24.29754 24.27194 26.56279 23.14656 22.48721 22.38313 22.30938 22.348 21.64181 21.51287 21.4724 21.65801 21.37072 20.84264 21.05545 21.11953 21.13645 20.97073 20.67092 23.16879 20.93617 20.74738 21.33964 21.22603 21.34772 21.29003 21.79765 22.56899 22.50209 22.2205 22.12294 22.66766 21.78039 21.78866 21.55219 22.02904 21.15242 20.67896 20.59723 20.34649 20.26876 18.68022 17.96477 17.60096 17.23756 17.04913 15.95321 15.73714 15.50767 15.32782 -9999 -9999 -9999 -9999
24.95209 24.95346 27.94775 28.06189 25.44783 25.42509 25.40732 25.40936 25.08731 24.40709 24.37765 24.33322 24.28379 23.35806 22.73863 22.65025 22.64813 22.67368 22.088 25.23988 21.85535 23.94599 23.74488 20.87142 21.19381 21.26618 23.45601 20.87365 20.76033 20.99194 20.78398 20.58868 21.30614 21.15725 21.59348 22.66729 22.52938 22.24965 21.8934 21.85349 21.90004 22.53799 21.80621 21.48735 21.48195 21.28658 20.65518 20.61447 20.18154 19.87641 19.63209 18.52218 17.55096 16.98273 16.87833 -9999 -9999 -9999 -9999 -9999 -9999 -9999 -9999 -9999
24.94996 24.96055 24.95506 24.94763 25.54472 25.39416 25.38041 25.35246 24.98124 24.23343 24.28835 24.28136 26.98238 23.39564 22.72726 22.69258 22.70865 25.16642 22.92234 24.12642 22.06511 24.16479 24.03023 21.19568 20.91398 21.22473 21.29563 20.69912 20.74969 20.84127 20.66613 20.69959 20.82156 21.65864 21.35747 21.62336 21.42825 21.79664 21.66619 22.06196 21.71457 22.41726 21.70631 21.26194 21.43422 21.28318 20.55106 20.38759 20.19403 19.27506 18.94872 18.57989 18.26988 18.05768 17.58634 -9999 -9999 -9999 -9999 -9999 -9999 -9999 -9999 -9999
24.92557 24.96886 24.96251 24.94039 25.55752 25.37761 25.30104 25.22732 24.84001 24.20733 24.33089 24.28489 24.28923 27.06703 22.77281 22.66807 22.75108 25.41777 23.96752 24.80443 22.22291 22.19719 21.88724 24.74355 21.18443 21.12143 21.1538 21.17319 21.08548 20.69486 20.88105 23.43803 20.79431 20.41657 21.23264 21.4038 21.05134 21.51906 22.06236 21.93482 21.9055 22.44879 21.64648 21.4487 21.0373 20.71359 19.96535 20.26433 19.84051 19.9909 19.72894 18.31127 17.9956 17.66789 17.099 -9999 -9999 -9999 -9999 -9999 -9999 -9999 -9999 -9999
24.95703 24.97389 24.97265 24.9519 25.5571 25.39635 25.00143 25.01591 28.71896 24.30598 24.4228 24.44247 24.43394 26.71232 23.00923 22.90841 22.94778 23.22348 22.8953 25.12891 24.68102 24.14108 22.66833 21.83606 21.84142 21.8533 21.94976 21.78232 21.27752 21.30264 21.24036 21.03376 20.66342 20.35868 21.22935 20.83421 20.82985 21.05174 21.21503 21.30006 21.56879 21.95752 21.5484 20.92588 20.51577 20.48336 20.55742 20.22806 20.09922 19.60317 19.34872 17.86432 17.4325 17.26615 -9999 -9999 -9999 -9999 -9999 -9999 -9999 -9999 -9999 -9999
