data/bottom_up_emissions/asc/CHMI_RIMM_CZ_NO2_ALL_EPSG28403_2017_MAP-FILE2019-09-16b6fc2e-816.asc
ncols         487
nrows         279
xllcorner     3292639.6108284
yllcorner     5380140.0574971
cellsize      1000
NODATA_value  -9999
[rows 150 to 179 of 279, columns 408 to 475 of 487]
8.05124 8.79287 10.2772 13.4599 10.6039 9.17302 9.24717 9.57055 10.2457 11.9302 13.5228 12.8338 12.4426 12.7746 12.7996 12.5124 12.4109 12.3508 12.5791 13.3563 13.1218 13.5506 13.5034 13.5257 14.0172 14.0265 13.1887 13.0147 12.983 13.0747 12.9835 13.9245 13.6923 13.7862 14.3819 14.9078 14.7903 14.8542 14.7963 15.3544 15.6396 16.4461 15.0127 13.3834 13.2763 12.488 13.3283 13.6232 14.2199 13.0953 11.7669 10.982 10.4997 10.4838 9.66748 9.24302 10.2045 10.8531 11.0355 11.1812 11.595 12.3908 13.9604 13.7201 14.1102 14.6609 16.0641 13.8405
7.89789 8.22971 9.40178 14.234 10.6359 9.00884 9.4308 9.78402 11.8065 13.0134 13.0897 12.2536 12.1356 12.2605 12.5389 12.4376 12.2695 12.3354 12.5494 12.7934 12.7138 12.9566 12.9767 12.9152 13.4362 14.5065 14.0183 13.1605 12.9484 13.4253 13.6222 14.3158 14.0325 13.3959 12.4817 12.1751 12.0953 12.7547 13.3181 13.4936 13.7162 15.6057 15.3159 13.004 12.1672 12.3412 12.4227 12.5923 12.4562 11.4689 10.3498 9.37645 9.07516 8.95351 9.12901 8.21243 8.84726 9.66502 9.5447 10.0445 10.393 10.8393 11.7714 12.5569 12.5036 12.9155 14.4118 15.429
7.9771 8.25903 8.63392 11.211 10.2908 9.34063 10.2748 12.5585 13.3277 12.2863 13.1289 12.1474 12.037 11.9885 12.4112 12.5293 12.2558 12.4184 12.3229 12.3675 12.3619 12.6268 13.1597 13.1136 14.2373 15.3144 16.3077 14.3411 13.6943 13.5402 13.1383 13.6792 12.5572 10.9575 10.2028 9.94008 10.1624 11.6974 13.0309 12.9279 13.0704 15.2445 15.0144 12.6409 11.7214 11.4635 11.4302 11.6812 11.6781 10.6299 8.90379 7.61573 7.83895 7.83326 8.51863 8.29859 8.54191 9.0076 8.22882 8.64962 8.52685 8.1106 9.54834 11.0094 11.2952 11.8906 12.6892 14.4278
8.04626 8.05376 8.29758 9.80803 10.7932 11.4317 12.9326 13.3392 12.2258 11.7692 11.9364 13.3852 12.032 11.8905 12.7783 12.6752 12.0756 11.9925 11.936 12.1505 12.2325 12.911 13.9281 14.2365 14.7455 15.6718 15.862 13.9236 12.8538 12.3489 11.7115 12.2372 11.1332 9.58408 9.0848 9.26588 10.1798 11.486 13.0325 11.9117 12.0459 13.624 13.3684 11.8371 10.892 11.0135 11.056 10.9541 10.9639 10.5743 9.25332 7.54654 6.99489 7.41022 7.71106 7.99466 7.8838 8.65071 7.53594 6.86691 6.60817 7.18415 9.24323 9.14692 9.69189 10.7555 11.3511 12.4632
8.29283 8.33744 8.62897 10.3376 12.7453 13.6944 12.932 12.0766 11.6647 11.5876 11.6598 11.682 11.6357 11.7066 12.441 12.5764 11.7966 11.7274 11.8635 12.1171 12.7475 15.0996 14.0706 13.0777 12.6443 14.2099 14.0229 12.5533 12.2917 11.6358 11.2381 12.0036 10.8349 9.66672 9.09741 9.61713 10.4912 10.9988 10.9532 10.7754 10.8064 12.3886 12.9092 11.5452 11.1148 11.4092 10.6116 10.3126 10.1567 10.7276 9.8791 8.30481 7.99304 7.27973 6.97701 6.90542 6.85228 7.9283 7.62739 6.05553 6.43477 7.57722 8.65372 7.79909 8.69366 9.92084 10.6468 10.9219
8.59949 8.76582 10.2761 12.5704 13.6335 12.6357 11.726 11.3831 11.3201 11.3631 11.3316 11.2931 11.2887 11.3992 11.8695 13.0178 12.0802 12.0401 12.2131 12.4761 14.233 14.0593 12.1518 11.9811 12.0002 12.4082 12.8762 13.4598 13.8893 11.6997 10.9602 10.8824 10.153 9.78788 9.31205 9.79773 9.61734 9.79583 10.2826 10.7951 10.9877 12.2537 12.4018 10.9552 10.4584 10.3052 9.98078 9.71959 9.44994 9.43716 10.1277 10.0185 8.55153 8.02737 7.66775 7.66557 6.81098 6.40026 7.16686 5.91945 6.93181 7.62063 7.05583 6.6308 8.10787 8.88841 9.96039 10.3373
9.2112 10.1627 12.5465 12.4395 11.5793 11.2904 11.1853 11.1115 11.1486 12.0137 11.1394 11.178 11.4905 10.9112 11.6168 13.6701 13.2024 13.6405 13.3307 13.4913 12.8611 11.0786 11.1551 12.1207 11.6449 12.4826 13.7421 14.3844 13.2659 11.8008 10.8624 9.33854 9.44044 9.76658 9.81403 9.7313 9.32385 9.49079 10.0673 10.0836 11.2146 12.8916 11.6658 10.616 10.1517 9.46648 9.41338 8.85906 8.41649 8.48537 8.9232 8.44921 8.40555 8.37171 7.99185 7.22165 6.50326 5.80378 5.40579 5.65467 6.69514 7.0217 5.82009 6.16602 7.37156 8.24754 9.39764 9.87857
10.2516 12.1901 12.6268 11.4076 11.059 10.9445 10.8897 10.9332 11.2113 11.0591 11.009 11.1719 11.1924 10.8528 11.4505 13.4626 16.1003 16.1708 13.9973 12.3997 11.2644 11.0928 11.2958 11.3983 11.4295 13.7697 14.761 14.6635 13.0088 12.6835 12.3014 9.75263 9.65839 9.58903 11.0993 9.96278 9.73435 9.84311 9.28253 8.86288 10.5069 13.759 12.2593 10.6773 9.88008 9.25608 8.53116 7.18086 7.00094 7.68724 7.94469 7.54213 8.00887 7.82637 8.03666 7.12883 6.77134 6.59003 5.548 5.94739 5.5628 6.49895 6.00513 6.83134 7.79962 8.34175 8.79493 9.5304
11.9685 13.2588 11.9941 11.074 10.9406 10.809 10.7901 10.8662 10.9675 10.9511 10.8386 10.955 10.8133 10.9591 12.1202 14.7119 16.1251 15.7815 12.7438 10.6798 10.2082 10.9486 10.6724 11.0465 10.9407 11.6111 14.2356 12.9488 10.9313 11.9102 10.4864 9.88156 9.52264 9.55359 11.1904 9.92751 9.58037 9.03246 7.66798 8.11109 10.3757 13.3064 12.8055 10.2093 9.53884 8.78539 7.43014 6.47777 6.75022 7.3417 7.97753 7.03183 7.26331 6.66623 7.47522 7.54003 6.98052 7.00818 6.69014 6.27767 5.78418 5.67286 6.00732 6.99708 6.78026 7.15012 8.21158 9.02418
14.0346 13.1012 11.86 11.2728 11.0294 10.8962 10.8164 10.7805 10.9336 10.9007 10.6834 10.7635 10.6191 11.2628 13.9945 14.8672 14.7049 14.9776 13.7582 9.99054 9.42442 9.53209 10.2059 10.6456 10.6235 12.8691 11.4893 9.8015 9.28493 10.4345 9.70764 9.58049 9.49694 9.50461 9.96207 9.6643 9.1335 8.35447 7.09478 8.25309 9.8105 12.2186 13.4256 10.4015 9.40596 8.6097 7.06589 5.79856 6.30853 7.2064 7.73958 6.64483 5.82604 6.27316 6.05197 7.3713 5.90038 5.26379 5.25408 5.7598 5.86191 5.57494 6.44637 6.71574 5.90959 6.84182 7.96292 8.32951
13.5744 13.1097 12.6041 12.0977 11.6696 11.6072 11.4863 11.0656 10.9842 10.9106 10.8623 10.7731 10.8592 11.6336 12.953 11.0973 11.2035 12.5397 11.5914 10.1292 9.70388 9.50891 9.71447 10.2975 11.6206 11.2005 8.94057 8.30225 9.23705 10.3997 9.77921 9.84124 9.99965 9.76609 9.57658 9.30731 8.641 6.93179 6.74851 8.31524 9.24481 10.4656 11.3639 9.96961 8.98729 7.91369 7.33851 6.02788 6.1958 6.14287 7.10289 6.43325 4.67905 4.63931 4.81079 6.72895 6.73647 6.04018 5.34894 5.24234 5.55292 5.84671 6.40864 6.57408 6.17199 6.90521 7.21397 7.55488
12.6368 12.3337 11.9326 11.6939 11.6461 11.9758 12.0664 11.9056 11.1763 11.0535 11.1777 11.3679 11.7264 12.1521 10.3556 9.53226 9.88793 10.8188 10.4693 10.2153 9.21766 8.99235 9.05727 10.0704 10.4892 9.89644 9.30173 9.21344 10.4651 10.1918 10.0135 9.89473 9.78374 9.68406 9.596 9.21116 8.3636 7.07948 6.26894 7.88812 9.24429 10.0418 10.0392 10.156 8.25091 6.88486 6.43595 6.16251 4.36721 4.74609 6.28269 6.47936 4.55924 4.30876 5.48133 6.48271 6.25408 6.43835 6.33804 6.06785 5.68173 6.25186 6.87095 7.19044 7.1809 7.55033 7.97352 8.20407
11.7035 11.5125 11.0282 10.6642 10.49 10.6076 10.855 11.2572 11.7964 11.9696 11.893 11.8541 11.4202 10.6582 9.64063 9.39725 9.70815 10.8098 10.5705 10.2064 9.48383 9.17413 9.25665 10.1657 9.93228 9.3547 8.54626 9.0842 9.57093 9.95389 11.5632 11.5946 10.1956 9.6584 9.65191 9.33522 8.43764 6.72862 6.88196 8.28015 9.59964 9.47268 9.24444 9.59684 8.6206 7.484 6.52787 4.93049 3.65323 4.73388 5.91138 6.32295 5.5738 4.78665 5.42925 6.51894 6.21128 5.88048 6.34678 6.11131 5.81534 6.27413 7.0874 6.47241 6.86809 7.3892 7.76879 7.94418
11.3539 10.9089 10.5765 10.2347 10.1085 10.1794 10.1597 10.3311 11.0871 12.1168 11.6727 11.0629 10.6898 9.838 9.20857 9.69666 10.3251 12.3783 11.0375 10.0854 10.1259 9.93383 10.1221 9.83003 9.40986 8.63858 8.62514 9.44896 9.44328 9.39159 11.5315 12.8755 12.3637 10.2131 9.6148 9.48783 8.97501 8.01005 8.13528 8.92058 9.51155 8.79038 8.30224 8.78466 9.36838 7.5748 6.5108 5.86936 4.09346 4.09903 4.55038 5.70186 6.13923 5.65095 5.39873 6.19074 6.05341 5.509 6.20897 6.00001 6.00563 6.54849 7.00128 6.144 6.62077 6.81717 7.30291 7.25734
10.9107 10.7238 10.655 10.298 10.2008 10.2557 10.2736 10.1652 10.4557 10.7796 10.8381 10.7473 10.5697 9.56653 9.6462 10.8644 10.6713 11.0234 11.4774 10.2872 11.5353 10.403 10.2108 10.3547 9.91048 9.88439 9.06837 8.61975 8.53361 8.42116 10.312 12.1941 11.0092 10.9769 9.06603 8.81156 8.70065 8.46662 8.47572 8.69214 8.70708 8.01417 7.5739 7.81702 8.63588 7.96337 7.07109 6.22211 4.81661 5.28724 5.44702 5.33759 5.95414 5.80652 5.3486 5.78735 6.15649 5.80462 5.80869 6.0103 5.71294 6.46458 6.81067 6.40783 6.09022 6.15599 6.9062 6.47069
10.8028 10.9906 11.0001 10.9037 10.9319 10.9186 10.7721 10.6439 10.5207 10.6599 10.7914 10.7922 10.9904 10.6926 10.4056 10.9709 10.8648 11.2884 10.9491 10.4727 12.5183 10.3278 9.45025 9.1731 8.9041 8.7307 8.27879 6.94773 7.19689 8.14539 9.41524 10.1834 9.21594 9.26096 8.67276 8.29493 7.97586 7.84283 7.84214 8.10758 8.26729 7.65708 6.66767 6.9428 7.07302 8.0006 6.63707 5.61267 5.82301 5.86201 5.89355 5.7066 5.91912 5.72619 5.56878 5.81447 5.89244 5.80556 5.33995 5.21048 5.35022 6.37581 6.35178 6.28505 5.80973 5.81567 6.00723 5.71743
11.101 10.8877 10.6776 10.7209 10.7558 10.806 11.2615 11.7765 10.9363 10.7283 10.9102 11.0616 11.7868 12.1784 11.944 11.3198 10.5293 10.8108 10.2784 9.75296 9.43754 8.80943 8.17782 7.95225 7.52363 6.84334 7.4627 6.56076 6.82091 7.7646 8.85015 9.24846 8.78962 8.77347 8.1677 7.68433 7.35113 6.55349 6.49356 6.57097 7.69672 7.17207 5.76814 5.33352 4.86409 6.26297 7.32959 6.75935 6.63548 6.4239 6.13388 6.2288 6.1175 5.63397 5.12561 5.3687 5.41281 4.84864 4.82689 4.52675 5.28187 5.93712 5.90961 5.54777 5.11472 4.96844 5.72062 6.55104
10.7189 10.5106 10.3467 10.2652 10.1481 10.2525 10.4076 10.6803 10.9229 11.0712 11.2902 11.7095 12.8465 13.864 13.0873 11.8827 11.2434 10.9018 9.43645 8.43546 7.99573 7.52432 7.48994 7.38082 7.29272 6.96558 6.82623 6.97913 6.46457 7.1348 8.61342 8.54737 8.0641 7.88425 7.51053 5.99922 5.6476 5.92637 4.93093 5.53815 6.88541 6.49384 4.20578 3.55306 4.40798 5.59195 7.05684 6.61068 5.73099 5.75206 5.80443 6.19279 5.86711 5.07348 4.90679 4.6699 4.70669 -9999 -9999 -9999 4.89671 4.92809 4.93868 -9999 -9999 -9999 -9999 -9999
10.2527 10.6365 10.0562 9.79366 9.70489 9.68215 9.82321 10.1537 10.3845 10.7703 11.4088 11.9741 13.4694 15.7621 14.9076 13.0965 12.0444 10.17 9.02907 8.70465 8.67306 8.14637 8.06143 8.06231 7.77227 7.34423 6.97563 7.42588 6.65984 7.48683 8.38454 7.65393 6.71218 6.49016 6.61207 5.69106 5.06117 5.88179 4.6309 4.13414 6.15929 6.14623 3.86273 4.35289 5.5064 5.90922 7.02908 6.98892 5.83635 5.30074 5.74241 5.68672 5.19749 5.25989 5.49942 5.03543 -9999 -9999 -9999 -9999 -9999 -9999 -9999 -9999 -9999 -9999 -9999 -9999
9.86287 9.88483 9.76887 9.63114 9.46161 9.49154 9.72816 9.84853 10.0659 10.6915 10.8973 11.4713 13.6758 16.4648 15.2776 13.606 12.5758 10.4793 9.82266 9.23584 8.98835 8.30342 8.28298 8.36493 8.15212 7.39544 7.6183 7.07514 7.72414 8.27275 7.30057 5.8079 4.81463 5.18103 5.62491 5.04889 4.87725 4.88006 4.0133 4.69018 5.71542 6.20511 4.72105 4.97962 5.84065 6.25713 6.88437 7.31078 6.46423 6.27183 5.70072 5.58607 5.64202 5.66395 5.81618 5.5743 -9999 -9999 -9999 -9999 -9999 -9999 -9999 -9999 -9999 -9999 -9999 -9999
9.56457 9.58684 9.50942 9.57084 9.56166 9.60623 10.0879 10.0288 10.2998 10.4683 10.6591 11.6161 14.2398 16.6962 15.3574 13.9354 13.3963 11.1746 10.407 10.7972 9.5019 8.91493 9.12337 8.67127 8.9031 8.00542 8.13406 7.94951 9.04051 8.35778 6.8198 6.04749 5.67118 5.04644 4.66939 4.95092 5.91746 5.78691 4.27918 4.69808 5.7617 6.267 5.50741 5.33902 6.13924 6.6371 6.97015 7.35681 6.91979 6.44595 5.67106 5.97875 5.93824 6.09922 6.20679 5.92557 -9999 -9999 -9999 -9999 -9999 -9999 -9999 -9999 -9999 -9999 -9999 -9999
9.39978 9.30092 9.39543 9.89177 9.75275 9.69568 9.7811 10.0388 9.90178 10.1423 10.8067 11.5137 13.3324 16.3969 18.0849 14.9192 13.2229 11.9331 11.1264 11.9146 9.90204 9.39324 9.8011 10.785 9.12429 8.85816 9.82299 9.39256 10.3414 8.92031 6.66216 6.87528 6.74387 6.14446 5.68038 5.42199 6.40592 6.00567 4.77881 5.39582 6.04012 6.34484 6.0596 5.81376 6.14564 6.08622 6.54935 7.25275 7.42742 6.56868 5.97995 6.24303 6.47194 6.44583 6.25719 5.93739 -9999 -9999 -9999 -9999 -9999 -9999 -9999 -9999 -9999 -9999 -9999 -9999
9.34286 9.38895 9.75247 12.1592 9.93275 9.58027 9.6039 9.57728 9.51869 9.72309 10.3949 11.0427 12.5038 16.1435 16.3786 15.8344 13.3743 12.2723 11.7381 12.8078 11.007 10.5765 11.8282 12.3769 10.1422 12.2939 12.6653 12.6704 11.3874 9.64583 8.03106 7.45396 6.81936 6.56101 6.19658 6.14079 6.65072 6.46944 5.41188 5.04152 5.80131 6.20144 5.93646 5.21809 5.59832 5.66238 6.35454 6.8008 6.63329 7.03303 7.04776 6.8081 6.60418 6.38742 6.02719 -9999 -9999 -9999 -9999 -9999 -9999 -9999 -9999 -9999 -9999 -9999 -9999 -9999
9.29651 9.40712 9.44646 9.61566 9.37394 9.28668 9.12965 9.1847 9.69277 10.3149 10.7005 11.2598 13.7126 14.9444 15.7318 14.6507 12.0726 10.559 10.7792 10.7608 11.1154 10.9504 12.4327 12.5281 11.1529 13.2133 13.3556 12.9528 9.72175 8.73592 9.82274 8.42135 7.67239 6.95514 6.87562 6.85344 7.15024 6.79887 6.2726 5.72857 5.74751 5.87213 5.81109 5.12913 5.31123 5.95184 6.08479 6.11407 5.85446 6.57201 7.03298 6.54563 6.31624 5.75196 5.50859 -9999 -9999 -9999 -9999 -9999 -9999 -9999 -9999 -9999 -9999 -9999 -9999 -9999
9.33107 9.25202 9.23524 9.18612 9.04938 9.14902 9.13152 9.37935 10.2705 10.0076 9.87253 9.95446 10.474 11.4629 13.9958 12.5408 10.106 9.12902 8.91388 8.74532 9.21293 9.34091 9.20327 8.92106 8.58261 9.36263 10.0689 10.5248 10.0714 9.2076 8.68833 8.74963 8.27385 7.72508 7.36245 7.32705 7.18138 6.51747 6.41745 6.17594 5.99596 5.31089 5.30195 5.18808 5.11684 5.27105 5.68115 6.07072 6.63797 6.88492 6.36464 5.94041 5.76203 5.50111 -9999 -9999 -9999 -9999 -9999 -9999 -9999 -9999 -9999 -9999 -9999 -9999 -9999 -9999
9.10173 8.93289 8.95165 9.00032 9.08033 9.13343 9.34603 9.48467 9.15493 8.69673 8.54782 8.48762 8.79083 9.8147 11.9084 10.1667 9.0538 8.18029 7.69746 7.7892 8.26181 8.52763 8.79738 9.50453 9.28 8.46635 8.46256 8.03377 8.23276 8.31095 8.81472 8.13401 7.96287 8.27129 8.16018 8.2338 7.65578 7.30811 6.43071 6.58768 6.26453 5.94733 5.18226 5.42091 5.5347 5.8521 6.14816 6.65676 6.54075 6.53971 6.09768 5.83404 5.36855 -9999 -9999 -9999 -9999 -9999 -9999 -9999 -9999 -9999 -9999 -9999 -9999 -9999 -9999 -9999
9.08035 8.93513 9.08054 9.09452 9.60555 8.94045 8.8676 8.79718 8.20891 8.12145 8.33302 8.35056 8.71314 9.70906 10.4824 8.98146 8.33204 7.82838 7.65867 7.92539 7.77089 7.87754 7.75541 8.00576 7.96132 7.92535 7.65586 7.56052 7.73627 7.71362 7.59717 7.75444 8.88562 7.83256 7.44913 7.36408 7.13963 7.23626 7.32192 7.0016 6.55318 6.10295 5.85208 5.76516 5.92663 6.14911 6.46352 5.84658 5.83435 6.25252 5.94677 5.35926 -9999 -9999 -9999 -9999 -9999 -9999 -9999 -9999 -9999 -9999 -9999 -9999 -9999 -9999 -9999 -9999
9.1912 9.05972 8.80027 8.368 7.84088 8.13636 8.10677 8.19925 7.91596 8.06522 8.38886 8.56097 8.66756 9.92192 9.34735 8.47734 8.12196 8.05151 8.41717 7.97131 7.85171 8.01551 8.19197 7.91699 7.76945 7.59475 7.15386 6.89443 6.80984 6.71049 6.67732 6.91134 7.29454 7.02658 6.62474 6.46667 6.51311 6.66099 6.85719 7.02316 6.88775 6.65306 6.27432 6.27853 6.29133 6.31556 6.02261 5.84054 6.15565 6.22604 6.08562 5.72747 -9999 -9999 -9999 -9999 -9999 -9999 -9999 -9999 -9999 -9999 -9999 -9999 -9999 -9999 -9999 -9999
8.49547 8.77054 8.20342 7.5678 7.45645 7.31398 7.39097 7.53222 7.69829 7.91946 8.36654 8.47484 9.16202 10.0826 9.63043 8.94397 8.71793 8.53842 8.07486 8.14363 8.23105 7.83722 7.7713 7.5813 7.98339 7.43611 7.17027 6.70417 6.4463 6.26285 6.25963 6.58781 6.32445 6.88827 6.22394 6.01355 5.75076 5.78329 6.20782 6.07317 5.73576 5.70921 5.09709 5.22121 5.90735 5.95658 5.72891 5.71192 6.04187 5.78304 5.54242 -9999 -9999 -9999 -9999 -9999 -9999 -9999 -9999 -9999 -9999 -9999 -9999 -9999 -9999 -9999 -9999 -9999
7.7425 7.87793 7.51254 7.85486 7.33061 6.87558 6.89398 7.24417 7.88223 8.15267 8.43195 8.60432 9.04558 9.72136 8.76991 8.55516 8.03726 7.71826 7.39442 7.23611 8.0739 7.44077 7.17976 7.25637 6.97809 7.27809 7.21271 7.06964 6.3614 5.71199 5.80177 6.31488 5.77965 6.4747 6.37604 6.11584 5.62318 5.52158 5.51692 5.57085 5.30887 5.11539 5.19155 5.2274 5.51182 5.14669 5.24298 5.39027 5.41392 5.29775 -9999 -9999 -9999 -9999 -9999 -9999 -9999 -9999 -9999 -9999 -9999 -9999 -9999 -9999 -9999 -9999 -9999 -9999
