data/bottom_up_emissions/asc/CHMI_RIMM_CZ_PM10_ALL_EPSG28403_2017_MAP-FILE2019-09-16b6fc2e-817.asc
ncols         487
nrows         279
xllcorner     3292639.6108284
yllcorner     5380140.0574971
cellsize      1000
NODATA_value  -9999
[rows 112 to 139 of 279, columns 192 to 255 of 487]
19.89067 19.87838 19.05831 19.04008 19.04448 19.24447 19.56503 19.64625 19.85485 20.07121 20.29724 20.53405 20.70563 21.07503 21.25936 21.44861 21.64005 21.83084 22.01953 21.95144 22.03635 22.11127 22.21315 22.26202 22.29336 22.30564 22.32854 22.32947 22.50775 22.4252 22.31036 22.27569 22.10553 21.97285 21.88818 21.78801 21.67325 21.54364 21.39528 21.22324 21.07341 21.14614 21.36783 21.42357 21.4668 21.7299 21.64367 21.63972 21.76882 21.80816 21.88317 21.95278 22.01036 22.04561 22.04832 22.13216 22.21598 22.32652 22.36867 22.41636 22.46761 22.48092 22.61481 22.79759
19.70221 19.68153 18.86015 18.85679 18.9044 19.04013 19.21688 19.40894 19.61208 19.82556 20.04632 20.26395 20.46238 20.84557 21.04041 21.23878 21.43744 21.6322 21.80977 21.94679 21.87479 21.96515 22.0798 22.14073 22.1862 22.21651 22.22121 22.19447 22.34468 22.24165 22.21615 22.06051 21.89762 21.75962 21.65211 21.55017 21.44584 21.33621 21.21803 21.09535 20.99363 20.94837 20.86575 21.13547 21.24875 21.62681 21.65837 21.67573 21.72112 21.74986 21.83003 21.90192 21.97224 21.96855 21.88682 22.03319 22.08665 22.28023 22.35841 22.40598 22.45399 22.45973 22.51045 22.71355
19.54952 18.71566 18.70025 18.70912 18.76147 18.86619 19.01248 19.18386 19.37264 19.5749 19.78481 19.99669 20.20468 20.40958 20.80773 21.01579 21.22263 21.42098 21.60172 21.75666 22.41949 22.52822 22.51914 22.02775 22.09034 22.11722 22.10309 22.05307 22.17563 22.12233 22.00709 21.84363 21.68153 21.53616 21.41438 21.32066 21.21789 21.13267 21.07225 21.05593 20.91897 20.85742 20.77682 20.52262 20.78687 20.97228 21.29863 21.59313 21.67278 21.72847 21.73792 21.82819 21.90167 21.81932 21.71908 21.95416 21.90681 22.10699 22.10299 22.32827 22.21145 22.21416 22.45761 22.60386
19.42169 18.57725 18.55768 18.56545 18.61017 18.69497 18.81531 18.9644 19.13506 19.32229 19.52263 19.73049 19.94225 20.15719 20.37524 20.78562 21.00137 21.20766 21.39948 21.57048 22.25343 22.13134 22.06677 21.91944 21.98603 22.00176 21.97245 21.9044 22.00001 22.00167 21.88942 21.61829 21.44732 21.29571 21.1924 21.1482 21.11327 20.98448 20.93453 20.94379 20.98684 20.94415 20.63228 20.27198 20.22338 20.23965 20.72473 21.18483 21.46419 21.50318 21.57823 21.6567 21.76083 21.71079 21.54339 21.45006 21.38076 22.05279 21.96607 22.18386 22.22917 22.10281 21.91621 21.93299
19.30696 18.44994 18.42104 18.42027 18.45257 18.51893 18.61734 18.74501 18.89688 19.06902 19.25917 19.46303 19.67746 19.90043 20.12958 20.36029 20.78021 20.93184 20.8336 20.8401 20.75633 20.69758 20.53196 20.46455 21.33624 21.54517 21.60126 21.74186 21.82327 21.75728 21.57492 21.38445 21.19921 21.03358 20.94265 20.91218 20.84755 20.74339 20.73032 20.80099 20.89889 20.93953 20.88876 20.94118 20.42832 20.16282 20.37204 20.73211 21.12704 21.28697 21.2646 21.23294 21.55187 21.46105 21.43307 21.31377 21.27138 21.99649 21.91094 22.03851 22.2356 22.12087 21.90955 21.9347
19.19774 18.32685 18.28529 18.27152 18.28846 18.33764 18.4167 18.52413 18.65701 18.81387 18.99266 19.19134 19.40941 19.64028 19.88144 20.12545 20.36851 20.7571 20.97345 20.66961 20.57758 22.02907 20.43067 20.47601 21.26609 21.34079 21.4932 21.52475 21.59811 21.55947 21.35815 21.14708 20.94242 20.76001 20.70025 20.64458 20.5928 20.499 20.53602 20.59808 20.71222 20.81532 20.88552 21.17296 21.13427 20.71558 20.34194 20.47833 20.67654 20.94933 20.85566 20.92162 21.06402 21.16675 21.30258 21.30464 21.29115 21.74984 21.65898 21.93128 22.1659 22.13657 21.91407 21.92867
19.08992 18.20353 18.14726 18.11856 18.11897 18.15039 18.21049 18.29854 18.41289 18.55376 18.72119 18.91511 19.13533 19.37606 19.63133 19.89214 20.15295 20.4051 20.57385 20.54073 20.43436 20.42292 20.46418 20.45653 21.21035 21.39454 21.38657 21.44323 21.4331 21.43902 21.2107 20.96966 20.73143 20.52018 20.36311 20.41953 20.41269 20.4022 20.36253 20.46311 20.61397 20.73313 21.05129 21.20065 21.26945 21.26953 21.06171 20.49609 20.22277 20.28795 20.62472 20.77161 20.86509 20.96294 21.00603 21.12325 21.16443 21.664 21.52246 21.78213 22.25566 22.21695 21.81833 21.89167
18.98009 18.07912 18.00706 17.96158 17.94535 17.95927 18.0014 18.07072 18.16586 18.28898 18.44291 18.63121 18.85471 19.10702 19.37955 19.66142 19.94279 20.21431 20.46869 20.54609 20.50465 20.48246 20.41924 20.25045 20.99463 21.21519 21.31096 21.35887 21.27942 21.26145 21.0163 20.74976 20.47637 20.22378 20.0388 20.06055 20.12207 20.24863 20.35799 20.33133 20.47105 20.81244 20.96539 21.14984 21.25301 21.34501 21.39807 21.21467 20.59844 20.23331 20.27579 20.55755 20.6424 20.68983 20.77133 20.72198 20.63965 21.29587 21.60608 21.65114 21.55948 21.46734 21.2075 21.18219
18.86866 17.95304 17.86441 17.80151 17.76831 17.76639 17.79257 17.84405 17.91909 18.02113 18.15712 18.33708 18.5658 18.83426 19.12817 19.43312 19.73799 20.03155 20.08865 20.12825 20.06555 19.93404 19.74877 19.71838 20.28419 20.42262 21.75724 20.48331 20.56731 21.10675 20.85317 20.56949 20.25811 19.94029 19.69775 19.63523 19.85264 20.14263 20.23062 20.31751 20.35269 20.65665 20.85696 20.98485 21.152 21.28431 21.37428 21.43751 20.87408 20.60522 20.29316 20.17493 19.85934 19.53407 19.49017 19.49452 19.52131 19.83788 19.92133 19.88627 19.97981 20.62908 20.28626 20.22528
17.95408 17.82959 17.72347 17.64108 17.59064 17.57593 17.59 17.62546 17.67996 17.75571 17.86518 18.03065 18.26793 18.56045 18.87941 19.20914 19.51104 19.44768 19.39764 19.31384 19.17491 19.0953 19.07598 19.04241 19.39156 19.50426 19.47686 19.48691 19.47983 20.23979 20.27051 20.45342 20.12384 19.72087 19.33899 19.31438 19.72281 20.02585 20.08723 20.20283 20.45597 20.50377 20.76172 20.92551 21.05627 21.29037 21.43491 21.50775 20.90791 20.81942 20.64861 20.24582 19.70865 19.44398 19.41597 19.41474 19.42863 19.76736 19.83809 19.66841 19.7704 19.9305 20.26033 20.28341
17.82994 17.69294 17.58839 17.48323 17.41294 17.39311 17.40118 17.42407 17.45846 17.50599 17.57484 17.70797 17.99829 18.29501 18.71315 18.98981 19.34149 19.62038 19.24347 19.18176 20.63503 19.14252 19.00357 18.9132 19.29567 19.34055 19.30278 19.25364 19.11749 20.04054 20.06075 20.35281 20.13492 19.70999 19.14812 19.47091 19.72808 19.85552 20.15735 20.2326 20.34878 20.47917 20.68963 20.89526 21.03088 21.29978 21.47246 21.30331 20.899 20.79195 20.76027 20.57979 19.87494 19.34409 19.33132 19.33394 19.37852 19.64751 19.75667 19.67255 19.73185 19.90269 20.26621 20.31006
17.73505 17.5886 17.45205 17.32506 17.24005 17.23479 17.23803 17.25072 17.27108 17.29776 17.32889 17.36325 17.70671 18.06279 18.41915 18.77603 19.05427 19.42918 19.16566 19.08424 19.07962 19.03061 18.90961 18.85118 19.08026 19.12661 19.07513 21.17427 18.97948 20.05303 20.14202 20.35012 20.24455 19.93311 19.85528 19.49232 19.63683 19.66903 20.04259 20.19209 20.4461 20.4943 20.62846 20.85838 21.04565 21.24099 21.44929 21.32527 20.90626 20.80554 20.74222 20.66912 20.18592 19.32975 19.16205 19.22645 19.24118 19.55593 19.60923 19.58632 19.7552 20.33633 20.88172 20.93448
17.65378 17.5014 17.35973 17.23312 17.14079 17.10184 17.0893 17.11016 17.1244 17.15051 17.19679 17.30785 17.65148 17.8838 18.22205 18.56646 18.89819 18.8974 19.03571 19.15367 19.15886 19.07164 18.86197 18.73894 19.05717 19.13889 19.027 18.86762 18.66898 19.98766 20.21247 20.20936 20.08477 19.93552 19.66299 19.54301 19.59063 19.65024 19.99046 20.24661 20.32729 20.34542 20.51113 20.66969 20.99466 21.13593 21.33503 21.25241 20.46086 20.89573 20.80199 20.71616 20.16905 19.14066 18.69389 18.61046 18.55324 18.47648 18.47226 18.56085 20.08096 20.1454 20.28418 20.70242
17.58536 17.4294 17.28687 17.16443 17.07213 17.01487 16.98722 16.98058 16.99387 17.04901 17.12065 17.25419 17.46791 17.74223 18.04681 18.36319 18.47682 18.38212 18.45904 18.4684 17.95255 17.91455 17.92928 17.77669 17.60678 17.506 17.34297 17.15752 17.09211 18.34324 18.52291 18.66282 18.75067 19.17976 19.72799 19.64882 19.67554 19.67754 19.76439 20.0821 20.10612 20.28079 20.44339 20.60301 21.03053 21.06131 21.04946 21.01721 20.5152 21.00138 20.90462 20.77687 20.07806 18.85101 18.29002 18.08647 17.93373 17.63892 17.64059 17.77995 17.78573 17.86375 17.74448 17.51637
17.52567 17.36657 17.22345 17.10082 17.00471 16.93872 16.90047 16.88861 16.90293 16.94718 17.03088 17.18372 17.37486 17.61362 17.71357 18.16789 18.12151 18.00164 18.06732 17.82575 17.42458 17.30005 17.27587 17.24103 16.79337 16.71548 16.71012 16.72472 16.88002 18.16009 18.45189 18.51973 18.64928 18.9209 19.62614 19.5132 19.5278 19.63652 19.76452 19.86134 20.06529 20.41867 20.44232 20.73921 21.02099 21.04195 21.00088 20.99404 20.4607 20.47783 20.78975 20.64038 20.07948 18.93637 18.54636 18.0596 17.81863 17.58529 17.5331 17.64488 17.68494 17.79435 17.54832 17.34195
17.47092 17.30962 17.16385 17.03868 16.93819 16.86602 16.82155 16.80599 16.82892 16.86726 16.95305 17.0818 17.25543 17.49021 17.53834 17.98088 18.06683 18.04478 17.90438 17.71234 17.28967 17.18748 17.05683 16.98525 16.70943 16.57519 16.62565 16.71881 16.97571 18.31161 18.47222 18.40089 18.5069 18.77857 19.57268 19.47023 19.52661 19.59414 19.70345 19.84524 20.05518 20.23071 20.41716 20.64348 20.97891 21.04594 21.00096 20.98663 20.43506 20.46773 20.33681 20.586 19.94957 18.83664 18.65748 17.995 17.5607 17.35803 17.25539 17.24018 17.28692 17.48369 17.30921 17.21452
17.42003 17.25578 17.10589 16.97581 16.87848 16.79357 16.7451 16.7264 16.90468 16.81789 16.8665 16.98805 17.14758 17.33999 17.55608 17.78471 18.00234 17.79564 17.88277 17.71301 17.23146 17.14539 17.1373 17.09423 16.78235 16.55148 16.67168 16.7712 16.82791 18.10202 18.32233 19.65511 18.37298 19.47239 19.5929 19.43066 19.45489 19.51495 19.6098 19.73554 19.98758 20.20183 20.42102 20.78207 20.97483 20.96972 20.98089 20.95778 20.38403 20.45095 20.36506 20.73881 20.04568 18.91964 18.73621 18.11754 17.46457 17.3143 16.93441 16.87551 17.03941 17.35322 17.21916 17.274
17.37262 17.20347 17.04737 16.92331 17.276 16.71933 16.66754 16.73203 16.65558 16.69721 16.77364 16.8856 17.03297 17.21051 17.409 17.61809 17.80599 17.86183 17.88367 17.6942 17.17492 17.1657 17.04448 17.00353 16.75063 16.52804 16.57738 16.64516 16.75163 17.70753 17.96624 18.00861 17.91979 18.10276 19.17032 19.15368 19.18966 19.22915 19.45062 19.76678 19.67634 19.59704 19.499 20.10716 19.87623 19.77772 19.71466 19.6839 19.5518 19.56275 19.79308 19.26467 19.5997 19.34201 18.62126 18.25919 17.29637 17.48563 17.45382 18.30109 19.24085 17.57853 15.99882 15.76783
17.33025 17.15264 16.98759 17.23928 17.25382 16.8785 16.84405 16.5652 16.57003 16.60526 16.67429 16.77729 16.91504 17.08226 17.26919 17.4645 17.16209 17.26831 17.25209 17.23201 18.74123 16.3991 16.33703 16.20915 15.73248 15.35772 15.35693 15.49538 15.63121 16.31416 16.51069 16.55371 16.68815 16.74348 17.28197 17.30145 17.50331 17.59275 17.91998 18.35979 18.27006 18.25669 18.23049 18.73654 19.85208 18.87329 18.80518 18.80117 18.94259 19.06148 19.09423 19.05837 19.3777 19.15387 18.80422 18.43087 17.75444 17.59643 17.66673 18.51476 17.38968 17.09215 15.80522 15.65253
17.29332 17.10443 16.97232 16.77231 16.69599 17.45092 17.08292 16.93137 17.43684 16.95205 16.57079 16.66385 16.79522 16.95802 17.13962 17.51421 17.04731 17.08847 17.14692 18.65051 18.56429 16.38144 16.2806 16.13551 15.68837 15.30705 15.37748 15.47996 15.65635 16.2453 16.49166 16.54955 16.56431 16.67695 17.16637 17.12767 17.23094 17.53988 17.91783 18.29391 18.22974 18.22221 18.2312 18.66085 18.92118 18.84058 18.74185 18.78052 18.90373 18.91482 19.02902 18.97733 18.7767 18.8553 18.81289 18.69742 18.57441 17.79927 17.8915 17.81774 17.58512 17.07973 15.56259 15.40746
17.26234 17.33541 16.86736 16.69735 16.56715 16.48454 16.43876 17.04613 16.88757 16.5879 16.46733 16.54788 16.6765 16.84243 17.0251 17.39688 16.91824 17.05935 17.05115 16.87631 16.31474 16.2535 16.26585 16.01255 15.5932 15.2652 15.37508 15.55338 15.67494 16.25967 16.43532 16.43695 16.49175 16.5854 17.14254 17.0923 17.18551 17.41435 17.80024 18.17709 18.11275 18.07943 18.17377 18.57739 19.46608 19.58287 19.76341 18.7483 18.96424 18.99446 19.0052 18.94408 18.68472 18.77839 18.85004 18.81653 18.83378 18.67856 18.02656 18.08177 17.94949 17.52443 15.89298 15.24805
18.29429 17.02308 16.81363 16.62067 16.47855 16.41265 16.38315 16.36712 16.35841 16.95322 16.3829 16.4285 16.56513 16.74414 17.11834 17.30115 16.82151 16.85716 16.8157 16.80774 16.21092 16.0399 16.08794 15.81129 15.50236 15.22681 15.28177 15.45683 15.63805 16.21685 16.39377 16.41001 16.37483 16.52989 17.05567 17.01976 17.12559 17.28172 17.63225 17.93106 17.97117 17.95961 18.0525 18.47805 18.806 18.69635 18.66064 18.70695 19.95754 18.9397 19.04259 18.9488 18.59365 18.57709 18.65112 18.69519 18.64728 17.93854 17.38925 17.73783 17.3713 17.2751 15.8721 15.21574
18.70494 16.99791 16.78116 16.56523 16.38652 16.37237 16.36144 16.35012 16.33811 16.88723 16.96137 16.60475 16.48678 16.8683 17.054 17.22999 16.87841 16.6757 16.56485 16.61393 15.94915 15.76561 15.69172 15.57472 15.32792 15.05853 15.11143 15.35871 15.50666 15.98884 16.19835 16.20789 16.18168 16.22177 16.36725 16.36782 16.42787 16.51318 16.5565 16.69592 16.73313 16.61601 16.59377 16.89256 17.07265 17.10664 17.03488 16.91201 17.52144 17.66464 17.71059 17.66695 17.57982 17.75009 17.81614 17.91557 17.9014 17.27061 16.06801 16.47417 16.14242 15.8849 16.85898 15.07899
18.08931 18.58096 18.38547 16.59469 16.45264 16.40568 16.38751 16.37397 16.36093 16.34863 16.50318 16.77069 16.50064 16.85719 17.0249 17.06456 16.86649 16.13173 16.03347 15.97893 15.2431 15.13589 15.21872 15.15522 14.97534 14.88729 14.94791 15.11059 15.32761 15.77765 15.97145 15.94029 15.96755 15.98235 15.83153 15.92035 15.98205 16.02325 16.03825 16.17596 16.2226 16.08359 16.0638 16.28192 16.49084 16.60115 16.68812 16.71811 17.34908 17.51173 17.52354 17.59163 18.10772 17.88656 17.8703 17.92616 17.91772 17.48832 16.47848 16.06822 16.18945 15.94095 17.31834 15.34653
17.17839 16.99771 16.82436 18.23731 18.26471 16.76242 16.45472 16.43567 16.42328 16.4186 16.79444 16.47599 16.76 16.88995 17.02898 17.06 16.80889 16.15823 16.24107 16.04977 15.4374 15.29321 15.30157 15.12491 14.94355 14.93915 15.13031 15.1266 15.28909 15.7506 15.90556 15.85565 15.88169 17.73917 15.79589 15.90619 15.99178 15.96699 16.05136 16.21918 16.1917 16.07525 16.00853 16.17929 16.36707 16.48553 16.61549 16.64542 17.26589 17.44512 17.40377 17.48564 18.03765 17.82366 17.73701 17.8459 17.85061 17.53115 16.77732 16.24113 16.00537 16.00549 15.32527 15.18091
17.1638 17.01392 16.87082 16.74723 16.64951 18.54248 16.54599 16.52289 16.51249 16.51438 16.62859 16.58227 16.84734 16.94805 17.05887 16.92857 16.77863 16.32171 16.41996 16.26263 15.56833 15.42969 15.22423 15.10306 14.97546 15.02939 15.21071 15.20302 15.32369 15.68289 15.82593 15.74116 15.80613 15.83158 15.79453 15.94793 15.93281 15.95593 16.02719 16.15769 16.15314 16.11827 15.98694 16.08281 16.27947 16.37534 16.50429 16.53548 17.14858 19.28973 17.27446 17.33474 18.03551 17.76757 17.70914 17.63366 17.68406 17.41581 16.8454 16.62852 16.11947 16.02336 15.33513 14.85011
17.15249 17.03199 16.91957 16.82132 16.74242 16.68464 18.65246 16.62454 16.61593 16.62164 16.88792 16.87528 16.93939 17.01981 17.10725 17.101 17.02152 16.41294 16.64842 16.45351 15.81919 15.41174 15.38745 15.30815 15.06371 15.00824 15.36837 15.38655 17.33677 15.64813 15.78765 15.70066 15.76883 15.85475 15.87141 15.89056 15.85992 15.92129 15.96619 16.11694 16.11986 16.05625 15.9044 15.9646 16.15647 16.25367 16.21121 16.15102 18.62349 17.6543 18.94173 17.12509 17.72309 18.8482 17.42879 17.27883 17.24845 17.08047 16.70039 16.60353 16.23893 15.71271 15.31523 15.0591
17.14245 17.05026 16.96581 16.89167 16.83059 16.78376 16.75134 18.57549 17.11297 16.7321 16.89063 16.98008 17.03378 17.0994 17.16972 17.23711 17.2936 16.92419 17.05618 17.01444 16.07199 15.95898 15.94243 15.65038 15.41333 15.34226 15.61725 15.73496 17.11826 15.43649 15.43642 15.39459 15.4403 15.5643 15.13702 15.1031 15.04676 15.07505 15.09737 15.11796 15.11276 15.10606 15.07606 15.19082 15.36499 15.40306 15.37117 15.3244 16.02371 16.30783 16.45344 17.1146 17.11556 17.06159 16.90658 16.85985 16.70454 16.64452 16.44989 16.49183 16.29854 15.63465 14.98693 14.87678
