data/bottom_up_emissions/asc/CHMI_RIMM_CZ_NO2_ALL_EPSG28403_2017_MAP-FILE2019-09-16b6fc2e-816.asc
ncols         487
nrows         279
xllcorner     3292639.6108284
yllcorner     5380140.0574971
cellsize      1000
NODATA_value  -9999
[rows 180 to 209 of 279, columns 68 to 135 of 487]
7.04642 6.66859 7.01335 7.29075 7.49606 7.53925 7.65752 7.53552 6.81261 6.80907 7.46104 8.14772 8.36215 7.82248 9.64746 9.33528 9.25592 9.08793 8.96528 8.92025 8.65221 8.3141 8.11738 7.86121 7.42207 7.25445 6.90217 7.03391 6.9394 6.87031 7.09223 6.55376 6.13916 6.43986 6.66293 6.81057 6.93643 6.74859 7.0715 6.91293 6.95852 6.72922 6.75984 6.95238 6.8718 7.06018 7.10984 7.30714 7.41152 7.49653 7.69271 7.90495 8.27829 8.63078 8.75716 8.47494 9.04999 11.9032 11.1145 8.47218 8.10752 7.97328 7.81417 7.7149 7.73853 7.75809 7.70672 7.79652
6.54376 6.89848 7.18421 7.41299 7.56186 7.76233 7.57045 7.01229 6.80544 7.28368 7.43807 8.07492 8.57041 8.79865 10.0235 10.1615 9.62818 9.37944 9.12569 8.86065 8.54291 8.27184 7.98794 7.60279 6.90266 6.76073 6.85402 6.97556 6.84925 6.61884 6.82377 6.66392 6.2482 6.22528 6.34896 6.71677 6.99671 6.85259 7.02341 6.83158 6.87095 6.92192 6.95058 7.02845 6.98216 7.16643 7.2452 7.40661 7.44507 7.5107 7.61996 7.82734 7.87045 8.03039 8.25639 8.37266 8.90516 10.9763 12.4027 8.94257 8.30481 8.13007 7.92978 7.61515 7.61497 7.60614 7.42697 7.64934
6.51725 6.9037 7.22841 7.57119 7.75757 7.62514 6.93867 6.56101 7.06837 7.49599 8.28144 8.25414 8.91367 10.9905 13.5787 12.8512 10.0014 9.37928 9.02555 8.76387 8.53244 8.04033 7.86457 7.35005 6.90415 6.69125 6.99643 6.91891 6.78602 6.49257 6.82724 6.88596 6.27779 6.22029 6.45537 6.7723 7.05305 6.96664 7.09876 7.15632 7.09053 7.08456 7.10214 7.12911 7.09108 7.29233 7.51185 7.63649 7.56549 7.60211 7.71407 7.74703 7.73202 7.73965 7.79025 7.93241 8.1731 8.80754 9.36308 8.98501 8.50774 8.06553 7.8003 7.45671 7.49276 7.58157 7.58118 7.66358
6.18775 6.89789 7.34594 7.67375 7.76706 7.43791 6.64032 6.88333 7.56783 7.85572 8.19871 8.92641 10.1812 12.0514 13.9676 13.8563 10.8581 9.26364 8.93691 8.49275 8.07675 7.61023 7.28926 6.87346 6.64442 6.77069 6.94093 6.86009 6.99021 6.77506 6.90853 6.87058 6.52211 6.63157 6.8107 6.96819 7.10802 7.07496 7.15 7.20821 7.1855 7.17739 7.32608 7.44588 7.28664 7.37595 7.65867 7.7524 7.61073 7.59646 7.61645 7.55179 7.58531 7.60903 7.54218 7.63056 7.71066 7.9176 8.12244 8.78898 8.34365 7.79659 7.67779 7.38741 7.29578 7.37148 7.54795 7.76737
6.19496 6.50912 6.85475 7.10815 7.37757 7.46718 7.01612 7.66672 8.14091 8.71688 8.84476 9.33017 9.7289 10.7585 13.3652 13.7245 10.9781 9.12957 8.54155 8.20146 7.77737 7.39681 6.61713 6.34157 6.5295 6.68127 6.62697 6.81657 7.33803 7.04366 6.89141 6.88135 6.6351 6.67534 6.7843 7.01486 7.16273 7.07119 7.13028 7.23176 7.10109 7.20755 7.39638 7.58146 7.50231 7.4432 7.48311 7.51858 7.46753 7.52198 7.56557 7.4937 7.4527 7.35027 7.28285 7.3642 7.38317 7.38068 7.49658 8.12959 8.05723 7.66478 7.59456 7.45246 7.10057 7.09618 7.45699 7.63753
7.14135 7.06035 6.40961 6.59769 7.09929 7.59393 7.76398 8.22981 8.29924 8.67792 9.13853 8.93195 9.16203 9.44466 9.88625 12.8708 10.1933 8.68806 8.0586 7.8214 7.7155 7.02404 6.16317 6.22311 6.28465 6.50437 6.42593 6.66328 7.01647 6.94666 6.83379 6.86031 6.89177 7.06416 7.08958 7.11251 7.23665 7.14996 7.07683 7.275 7.33784 7.42129 7.57526 7.78116 7.69571 7.61022 7.62043 7.61508 7.57284 7.43883 7.38358 7.30574 7.20107 7.14261 7.05999 7.14016 7.02502 6.95532 7.14266 7.3637 7.80419 8.05302 7.52282 7.23821 7.03855 7.14784 7.39473 7.43564
8.06485 7.8916 7.56033 7.43117 7.59117 7.61594 7.84627 7.9475 8.27468 8.50168 8.72789 8.99732 9.16634 8.91658 8.61867 10.7007 9.40251 8.80392 8.15157 7.75638 7.68992 7.28178 6.36036 5.9733 6.04539 6.40138 6.51633 6.75371 6.89172 6.73329 6.58594 6.83995 7.01565 7.03542 7.16069 7.24492 7.09923 7.02439 6.81975 7.02623 7.27626 7.45126 7.65815 7.83824 7.93738 7.79493 7.77134 7.79711 7.69863 7.41347 7.1665 7.06631 6.8875 7.01887 7.06933 7.00551 6.94984 7.03426 7.20775 7.31904 7.49454 7.96072 8.26108 7.7256 7.5035 7.44327 7.4209 7.50089
7.72809 7.97996 7.78248 7.3301 7.17882 7.27171 7.81721 8.1286 8.3427 8.57888 8.93064 8.94663 8.54334 8.16416 8.03815 8.69458 8.28751 8.32774 8.53041 8.38237 8.15639 7.71887 6.93406 6.28788 6.17864 6.61968 6.64099 6.78791 6.81408 6.62558 6.59497 6.47782 6.82264 7.11711 7.25235 7.36557 7.2418 7.08572 6.70624 6.95989 7.27128 7.4144 7.61985 7.83379 8.17019 8.10634 7.96923 7.93702 7.64447 7.33399 7.3425 7.189 6.94983 6.99673 7.04034 7.09344 7.03044 7.06543 7.18115 7.27157 7.28611 7.51306 8.18539 8.42505 8.25335 7.92904 7.60056 7.58436
7.15774 7.5245 7.78234 7.54168 7.03582 7.44968 7.91655 8.20785 8.81304 9.01159 9.11998 8.54055 8.11734 7.80233 7.7715 8.205 7.46808 7.41968 7.67726 7.88088 7.72876 7.52707 7.33661 6.97911 6.70571 6.83632 6.75148 6.73076 6.90557 6.91233 6.75472 6.76783 6.67476 7.02557 7.27402 7.41411 7.51616 7.3585 7.00969 7.1105 7.41809 7.58612 7.72971 7.87676 8.19321 8.2369 8.03239 7.89517 7.65153 7.64769 7.47423 7.33298 6.99205 6.98478 7.09001 7.18963 7.18633 7.16423 7.21411 7.16088 7.17186 7.47601 7.73147 8.0984 8.24402 8.34243 8.24494 8.14544
6.95666 7.14113 7.6919 8.18152 7.5278 7.7878 8.03892 8.39879 8.89561 10.6312 8.72078 8.22771 7.82143 7.43551 7.38403 8.22185 7.62001 7.01663 7.19253 7.27478 7.11721 6.6361 6.12206 6.3701 6.9258 7.22815 6.99191 7.04031 7.19596 6.98855 6.9659 7.02785 7.09377 7.10867 7.28495 7.50761 7.64085 7.67555 7.58453 7.60289 7.65044 7.66144 7.93375 8.02652 8.28692 8.23859 8.13462 7.9439 7.85612 7.80833 7.72244 7.51151 7.27256 7.12905 7.10828 7.14969 7.06796 7.08131 7.17716 6.97778 7.12199 7.48485 7.75358 7.77761 7.79346 8.04096 8.38851 8.60506
6.70237 6.97844 7.52062 7.94511 7.72496 8.04081 8.35057 8.63664 8.80003 8.47981 7.80359 7.87586 7.60297 7.1975 6.95681 7.9211 7.66528 6.89695 7.21339 7.03369 6.57449 6.20484 6.05437 6.24002 6.47382 6.89863 6.65766 6.7221 7.02193 7.2451 7.16713 7.15216 7.35629 7.56361 7.47145 7.64633 7.7919 7.86547 7.96108 7.9994 8.01892 7.91559 7.90746 8.04462 8.4443 8.44757 8.30681 8.19857 8.07088 7.99319 7.86758 7.71138 7.50271 7.15598 6.96396 7.05385 7.03762 7.08173 7.09515 7.09089 7.22228 7.49386 7.75989 7.81837 7.7857 7.83785 7.94699 8.10001
6.76025 7.3418 7.62218 7.93979 8.12388 8.32058 8.508 8.44924 8.11871 8.02145 7.79996 7.39087 7.15681 6.56177 6.73721 7.81029 7.61194 6.85463 6.69552 6.76583 6.48378 6.2057 6.30012 6.35604 6.42091 6.86154 6.73861 6.41693 6.72388 7.09898 7.3961 7.41121 7.46625 7.77832 7.93747 7.95976 8.09591 8.15561 8.20899 8.26169 8.57986 8.57308 8.66495 9.03061 9.54581 9.3015 8.82446 8.63661 8.31125 8.13949 7.96166 7.86894 7.67339 7.33284 6.95476 7.14568 7.37807 7.26796 7.17678 7.27645 7.25106 7.49399 7.72235 7.86047 7.86349 7.81863 7.96364 8.0473
6.82056 7.47381 7.6853 7.90432 8.1447 8.40367 8.24975 7.46475 7.23994 7.56715 7.74291 7.40239 7.12899 6.66451 7.12099 7.67702 7.35862 6.57197 6.02781 6.60179 6.66764 6.43346 6.49193 6.60266 6.71889 6.9575 6.80091 6.38898 6.42246 6.54974 6.9511 7.15956 7.25735 7.43657 7.62386 7.74095 8.05814 8.344 8.25777 8.20193 8.34298 8.45664 8.85824 9.88242 12.9008 12.9282 10.0762 8.91262 8.37861 8.22589 8.05025 7.91179 7.72076 7.57821 7.47078 7.53411 7.62434 7.59699 7.5908 7.62103 7.6654 7.80818 7.87242 7.95546 8.01479 8.01194 8.02756 8.18132
7.33727 7.50452 7.83463 8.06127 9.10313 8.40736 7.56886 6.86083 6.98276 7.32195 7.58719 7.63954 7.36925 6.99889 7.13862 7.58086 7.42201 6.84426 6.27679 6.49453 6.53542 6.53476 6.65301 6.6617 6.76724 7.14819 6.78818 5.87286 5.87231 6.36255 6.91155 7.01837 7.23429 7.41536 7.48791 7.57479 7.72467 7.83878 7.80517 7.63806 7.80111 8.20446 8.49512 8.12679 8.86613 9.74817 9.4889 9.0494 8.41413 8.31954 8.26644 8.18176 7.93872 7.75912 7.7388 7.65772 7.65855 7.57203 7.67603 7.75862 7.89407 8.5731 8.01272 8.18118 8.01371 7.87027 7.98623 8.38894
7.38725 7.69197 7.91875 9.30146 10.8432 8.14814 7.17992 6.74696 6.34977 6.78522 7.33712 7.50666 7.20941 6.7184 6.64577 7.08266 7.83602 6.91643 6.65713 6.62385 6.65463 6.76174 6.76851 6.72638 6.83598 7.34365 6.67455 6.06257 6.23136 6.47396 6.60092 6.98261 7.18767 7.17459 7.01909 7.29387 7.40364 7.54123 7.69652 7.64475 7.76316 8.28998 8.31244 7.45544 7.65138 7.79607 8.17647 8.81509 8.83287 8.62188 8.46141 8.30807 8.08392 7.87502 7.87952 7.83871 7.73492 7.38372 7.5727 7.85838 8.04976 7.95464 7.82123 7.747 7.77743 7.69736 8.41781 8.76572
7.32391 7.49756 8.05987 11.3457 9.05549 7.85234 7.40301 6.72715 6.01045 6.8189 7.14379 7.09454 7.15787 6.96327 6.56789 6.79304 6.94795 7.0716 6.48666 6.18942 6.46021 6.70831 6.81121 6.89462 6.98265 6.88018 7.06068 6.73931 6.67849 6.60212 6.72636 7.03657 7.00081 6.85757 6.89662 7.12253 6.98816 7.34055 7.65793 7.96032 8.23957 8.31437 7.83557 7.27294 7.44376 7.62795 7.77099 8.08214 9.25443 8.94944 8.78917 8.74392 8.23348 7.76984 7.83218 7.96075 7.73945 7.33535 7.42719 7.91063 8.07438 7.88154 7.86519 7.8749 8.42284 9.06031 9.15702 8.73062
6.98037 6.92921 6.9139 7.23524 7.61033 7.44906 7.18121 6.85255 6.10553 6.17045 6.87233 6.61796 6.599 6.56294 6.46684 6.56242 6.09803 6.58485 6.79922 6.22387 6.01585 6.37265 6.60805 6.70116 6.55086 6.02399 6.76338 7.19345 6.89066 6.82606 7.02718 7.15334 6.91766 6.84872 7.03927 7.15594 7.22606 7.35925 7.57439 7.92876 7.99258 7.64018 7.38448 7.1128 7.20635 7.55071 7.59581 7.71913 7.98163 8.36042 8.70119 9.01319 8.64587 8.37916 8.1895 8.1714 7.97135 7.68099 7.74269 8.06071 8.13628 7.98299 8.53841 9.07623 9.48395 9.3964 8.42614 8.34617
6.37022 5.97697 5.99503 6.78793 7.32035 7.17834 6.95257 6.6799 6.31441 6.16853 6.58334 5.87271 5.92668 6.13508 5.9564 6.01007 5.78963 5.90666 6.16517 6.26209 5.80271 6.04291 6.37935 6.47101 6.05723 6.08517 6.74384 7.17618 7.22614 7.08579 7.0835 7.1876 6.87253 6.58485 6.81746 6.96812 7.17106 7.42146 7.79259 7.87441 7.69757 6.88548 6.85643 6.82672 6.84489 7.03517 7.32124 7.48779 7.68355 7.78275 8.14883 8.3648 8.49039 8.9463 8.97223 8.57153 8.29746 7.94995 8.25935 8.86908 9.24656 9.60347 9.59037 9.60956 9.37848 9.0693 8.34297 8.31818
5.59853 5.74273 5.59811 6.57963 6.93784 6.39324 6.24424 6.23187 6.24407 6.14886 6.40516 5.58383 5.12945 5.34362 5.34087 5.73546 5.66629 5.43926 5.78909 6.10117 6.26745 6.27773 6.30608 6.1901 6.0754 6.0187 6.33043 6.77613 7.21547 7.47282 7.21617 7.31393 6.76347 6.79051 7.36419 7.07164 7.70716 7.85939 8.1804 8.21635 7.61243 7.26894 7.16496 6.95948 6.87631 7.07204 7.28916 7.38663 7.41697 7.79337 8.19558 8.49006 8.65685 10.4693 10.5708 9.91973 10.0754 8.91043 11.6907 12.6247 13.5687 10.5493 9.67246 9.23277 9.04082 8.73599 8.29911 8.4573
5.39579 5.38437 5.90267 6.44823 6.78994 6.7494 6.02463 5.18072 5.21226 5.73325 6.21267 5.11527 4.43153 4.89838 5.12584 5.64076 5.57555 5.08893 5.10308 5.73639 6.18649 6.11821 5.35117 5.49384 5.73537 5.8319 6.05225 6.50916 6.65971 7.33071 7.56974 7.48895 7.31884 7.68192 8.21076 8.03837 7.42411 7.24485 7.62203 7.51757 7.30461 7.40084 7.36099 7.126 7.06513 7.04879 7.36616 7.56085 7.73078 7.92721 8.11318 8.5213 8.49274 8.54292 8.76198 9.42105 10.8925 10.2242 13.289 14.0081 14.114 10.66 9.37313 9.06755 8.86679 8.75414 8.6949 8.66252
5.16456 5.60039 6.05735 6.34994 6.64398 6.58423 6.54541 5.11166 4.28856 5.06692 5.99962 5.39004 4.46832 4.99279 5.20935 5.69612 5.57799 5.24378 5.00598 5.56594 5.75682 6.02604 5.52675 5.68998 5.86708 6.07498 6.21523 6.3467 6.05762 6.17247 7.26173 8.12197 9.47751 9.202 7.64056 7.45513 7.11271 7.27268 7.46176 7.33118 7.13985 7.0841 7.23446 7.13101 7.16234 7.21877 7.21513 7.42017 7.70818 7.49785 7.28176 7.35309 7.62841 7.88568 8.14424 8.37386 8.59352 8.91646 10.535 13.9127 13.7519 10.2 9.01178 8.69747 9.19791 8.61976 8.60222 8.67174
4.1766 5.04108 5.15649 5.87313 6.22444 6.43447 6.28145 5.64681 4.18727 4.42309 5.43439 5.46222 4.90001 5.17432 5.42865 5.49966 5.14749 5.19967 5.02424 5.17729 5.34236 5.79942 6.0165 6.04296 5.77316 6.02804 6.34606 6.22022 5.68164 5.78449 8.83376 11.6873 10.8288 7.34962 6.62239 7.02706 6.92394 7.07552 7.25291 7.2584 7.1674 7.0318 6.88853 6.7768 6.90417 6.81255 7.14501 7.16891 7.33228 7.11464 6.79402 6.88306 7.06087 7.14076 7.64952 7.99464 8.18557 8.46434 9.22112 12.6472 10.6073 8.43201 8.27551 8.45576 8.48551 8.23392 8.32168 8.44985
-9999 4.16774 4.37844 5.12099 5.58326 6.30759 5.93208 5.82597 4.89191 4.11483 4.39858 4.15769 4.26515 4.85508 5.24406 5.0445 5.12483 4.72193 4.83026 4.73349 5.07597 5.43807 5.67931 5.91849 6.14534 6.32081 6.5993 6.36909 6.00889 6.06637 10.2865 11.5565 8.02215 6.12945 6.29419 6.92231 6.67151 7.00939 7.08705 7.07872 6.88477 6.63784 6.30843 6.45155 6.52169 6.66937 6.97844 7.11678 7.20926 6.93782 6.53358 6.4986 6.56881 6.82714 7.10668 7.38324 7.85973 8.18741 8.57748 9.50244 9.10547 8.20325 7.98586 8.26042 8.46075 8.54471 8.47575 8.3366
-9999 -9999 4.15539 5.08517 5.95797 5.97484 5.57091 5.32935 5.32184 4.6372 3.41063 3.35103 3.82184 4.70607 5.01882 5.02313 4.83855 4.64979 4.30286 4.67619 5.07575 5.51844 5.80439 5.94413 6.29689 6.5929 6.84884 6.67626 6.73112 6.62203 8.04815 7.98035 6.79685 6.26938 6.53708 6.78485 6.92987 7.09877 7.00238 6.89793 6.40608 6.26619 6.40879 6.30693 6.35811 6.63456 6.59977 6.62167 6.95884 6.74332 6.37876 6.35426 6.54 6.6028 6.77086 7.1301 7.42319 7.70667 8.50363 8.79018 8.53721 7.98483 7.39397 7.63554 7.96346 8.17193 8.48334 8.55003
-9999 -9999 4.45191 5.10838 5.52648 5.88707 5.50567 4.74184 4.6873 4.57644 3.85856 2.87337 3.12908 4.12437 4.40896 4.64819 4.28535 4.40598 4.3921 4.52511 5.11105 5.51518 5.51818 5.60935 5.87731 6.38021 6.39672 5.79694 6.51575 7.3379 7.434 6.84506 6.06032 5.8567 6.15975 6.40124 6.50009 6.85155 6.88274 6.74472 6.47665 6.26064 6.13416 6.18648 6.17802 6.34013 6.23209 6.56958 6.78696 6.39696 6.25183 6.16473 6.45553 6.47549 6.42685 6.84089 7.02673 7.6529 8.5279 7.93109 7.82966 7.86495 7.54252 7.64216 7.76748 7.69309 7.96144 8.33395
-9999 -9999 3.3613 4.00796 4.91867 5.23041 5.15325 5.35972 4.74891 4.71168 3.89966 2.94399 3.4282 3.80948 4.01451 4.34448 3.89599 3.74918 4.14685 4.24658 4.69446 4.94902 5.174 4.99878 5.74318 6.13344 6.21601 5.63961 6.03284 6.8419 7.14793 6.73413 6.32775 5.95119 5.66613 5.85536 6.18431 6.70743 6.61114 6.5634 6.21132 5.81595 6.14799 6.30212 6.20922 6.21099 6.22781 6.59267 6.47053 6.35328 6.2745 6.25542 6.56133 6.8321 6.9061 6.96683 7.19108 8.08381 8.17104 7.43019 7.48257 7.52145 7.29739 7.4175 7.60853 7.5141 7.64189 7.77871
-9999 -9999 -9999 -9999 3.78163 3.92265 4.00075 4.76658 5.18706 5.1193 4.33111 3.16072 3.54204 3.76336 3.90632 4.26506 4.14624 3.874 4.0678 4.12304 4.27248 4.34914 4.57203 5.18166 5.59303 5.94144 6.12862 5.52885 6.43758 6.9974 7.30222 6.34674 6.18689 5.79352 5.10573 5.56067 6.23558 6.455 6.47798 6.23529 5.86241 5.77549 6.00075 6.072 6.21681 6.30323 6.45735 6.52667 6.28401 6.35071 6.5622 6.62263 6.8036 7.07716 7.21865 7.22977 7.51665 8.201 7.85433 7.03762 7.31229 7.41916 7.2609 7.21122 7.28926 7.3372 7.45184 7.38473
-9999 -9999 -9999 -9999 -9999 2.84052 3.49988 3.77617 4.08065 4.82995 4.40742 3.33909 3.57535 3.94543 3.92917 3.98701 4.32571 4.05457 4.14238 4.13623 4.52104 4.87624 4.78397 4.76105 5.27003 5.82652 6.01634 5.9075 6.25946 6.97955 6.57317 6.29766 5.82429 5.58803 5.25426 5.29675 5.76803 6.08378 6.42995 6.21328 5.85976 5.86172 5.85907 5.97319 5.93576 6.09567 6.08791 6.34151 6.14453 6.33212 6.34977 6.69535 6.73369 6.93116 7.23427 7.44708 7.66489 7.95259 8.21812 7.64316 7.38653 7.23308 7.0025 6.9304 7.02146 7.173 7.34755 7.12166
-9999 -9999 -9999 -9999 -9999 -9999 2.38193 3.00802 3.3043 4.27648 3.83409 3.35411 3.94674 4.2028 4.20318 4.13903 4.17234 4.4175 4.32047 4.09422 4.02968 4.48485 5.00619 5.20712 5.22868 5.82991 5.8987 6.18277 6.41287 6.73693 6.80754 6.58431 6.15756 5.61675 5.0424 5.1218 5.39369 5.76664 6.23208 6.22488 5.86739 5.37973 5.12206 5.53132 5.25297 5.59759 5.59572 5.86706 6.13448 6.06666 6.52248 6.78553 6.97035 7.04934 7.23696 7.27688 7.13759 7.56474 8.22057 7.66905 7.2082 6.86071 6.71774 6.58855 6.81897 7.09524 7.20658 7.03757
-9999 -9999 -9999 -9999 -9999 -9999 -9999 3.41483 4.30256 4.88171 4.22993 4.01066 4.54472 4.44138 4.42701 4.41951 4.37343 4.42427 4.37518 4.56568 4.00494 4.01384 4.24269 4.75708 5.40918 5.49261 5.65054 5.96882 6.06321 6.24126 6.57779 6.03211 6.03496 5.74313 4.9843 4.7876 5.26179 5.60357 5.78151 5.87996 5.65125 5.4414 4.96119 5.22751 5.15383 5.34433 5.71198 5.94772 6.02086 6.0437 6.47584 6.89616 7.01148 6.93905 6.94167 6.73469 7.08948 8.23327 8.98985 7.49559 6.98505 6.60777 6.76697 6.81442 6.72015 6.71998 6.71615 6.79298
